Var1,Var2,Var3,Var4,Var5,Var6,Var7,Var8,Var9,Var10,Var11,Var12,Var13,Var14,Var15,Var16,Var17,Var18,Var19,Var20,Var21,Var22,Var23,Var24,Var25,Var26,Var27,Var28,Var29,Var30,Var31,Var32,Var33,Var34,Var35,Var36,Var37,Var38,Var39,Var40,Var41,Var42,Var43,Var44,Var45,Var46,Var47,Var48,Var49,Var50,Var51,Var52,Var53,Var54,Var55,Var56,Var57,Var58,Var59,Var60,Var61,Var62,Var63,Var64,Var65,Var66,Var67,Var68,Var69,Var70,Var71,Var72,Var73,Var74,Var75,Var76,Var77,Var78,Var79,Var80,Var81,Var82,Var83,Var84,Var85,Var86,Var87,Var88,Var89,Var90,Var91,Var92,Var93,Var94,Var95,Var96,Var97,Var98,Var99,Var100,Var101,Var102,Var103,Var104,Var105,Var106,Var107,Var108,Var109,Var110,Var111,Var112,Var113,Var114,Var115,Var116,Var117,Var118,Var119,Var120,Var121,Var122,Var123,Var124,Var125,Var126,Var127,Var128,Var129,Var130,Var131,Var132,Var133,Var134,Var135,Var136,Var137,Var138,Var139,Var140,Var141,Var142,Var143,Var144,Var145,Var146,Var147,Var148,Var149,Var150,Var151,Var152,Var153,Var154,Var155,Var156,Var157,Var158,Var159,Var160,Var161,Var162,Var163,Var164,Var165,Var166,Var167,Var168,Var169,Var170,Var171,Var172,Var173,Var174,Var175,Var176,Var177,Var178,Var179,Var180,Var181,Var182,Var183,Var184,Var185,Var186,Var187,Var188,Var189,Var190,Var191,Var192,Var193,Var194,Var195,Var196,Var197,Var198,Var199,Var200,Var201,Var202,Var203,Var204,Var205,Var206,Var207,Var208,Var209,Var210,Var211,Var212,Var213,Var214,Var215,Var216,Var217,Var218,Var219,Var220,Var221,Var222,Var223,Var224,Var225,Var226,Var227,Var228,Var229,Var230,Var231,Var232,Var233,Var234,Var235,Var236,Var237,Var238,Var239,Var240,Var241,Var242,Var243,Var244,Var245,Var246,Var247,Var248,Var249,Var250,Var251,Var252,Var253,Var254,Var255,Var256,Var257,Var258,Var259,Var260,Var261,Var262,Var263,Var264,Var265,Var266,Var267,Var268,Var269,Var270,Var271,Var272,Var273,Var274,Var275,Var276,Var277,Var278,Var279,Var280,Var281,Var282,Var283,Var284,Var285,Var286,Var287,Var288,Var289,Var290,Var291,Var292,Var293,Var294,Var295,Var296,Var297,Var298,Var299,Var300,Var301,Var302,Var303,Var304,Var305,Var306,Var307,Var308,Var309,Var310,Var311,Var312,Var313,Var314,Var315,Var316,Var317,Var318,Var319,Var320,Var321,Var322,Var323,Var324,Var325,Var326,Var327,Var328,Var329,Var330,Var331,Var332,Var333,Var334,Var335,Var336,Var337,Var338,Var339,Var340,Var341,Var342,Var343,Var344,Var345,Var346,Var347,Var348,Var349,Var350,Var351,Var352,Var353,Var354,Var355,Var356,Var357,Var358,Var359,Var360,Var361,Var362,Var363,Var364,Var365,Var366,Var367,Var368,Var369,Var370,Var371,Var372,Var373,Var374,Var375,Var376,Var377,Var378,Var379,Var380,Var381,Var382,Var383,Var384,Var385,Var386,Var387,Var388,Var389,Var390,Var391,Var392,Var393,Var394,Var395,Var396,Var397,Var398,Var399,Var400,Var401,Var402,Var403,Var404,Var405,Var406,Var407,Var408,Var409,Var410,Var411,Var412,Var413,Var414,Var415,Var416,Var417,Var418,Var419,Var420,Var421,Var422,Var423,Var424,Var425,Var426,Var427,Var428,Var429,Var430,Var431,Var432,Var433,Var434,Var435,Var436,Var437,Var438,Var439,Var440,Var441,Var442,Var443,Var444,Var445,Var446,Var447,Var448,Var449,Var450,Var451,Var452,Var453,Var454,Var455,Var456,Var457,Var458,Var459,Var460,Var461,Var462,Var463,Var464,Var465,Var466,Var467,Var468,Var469,Var470,Var471,Var472,Var473,Var474,Var475,Var476,Var477,Var478,Var479,Var480,Var481,Var482,Var483,Var484,Var485,Var486,Var487,Var488,Var489,Var490,Var491,Var492,Var493,Var494,Var495,Var496,Var497,Var498,Var499,Var500,Var501,Var502,Var503,Var504,Var505,Var506,Var507,Var508,Var509,Var510,Var511,Var512,Var513,Var514,Var515,Var516,Var517,Var518,Var519,Var520,Var521,Var522,Var523,Var524,Var525,Var526,Var527,Var528,Var529,Var530,Var531,Var532,Var533,Var534,Var535,Var536,Var537,Var538,Var539,Var540,Var541,Var542,Var543,Var544,Var545,Var546,Var547,Var548,Var549,Var550,Var551,Var552,Var553,Var554,Var555,Var556,Var557,Var558,Var559,Var560,Var561,Var562,Var563,Var564,Var565,Var566,Var567,Var568,Var569,Var570,Var571,Var572,Var573,Var574,Var575,Var576,Var577,Var578,Var579,Var580,Var581,Var582,Var583,Var584,Var585,Var586,Var587,Var588,Var589,Var590,Var591,Var592,Var593,Var594,Var595,Var596,Var597,Var598,Var599,Var600,Var601,Var602,Var603,Var604,Var605,Var606,Var607,Var608,Var609,Var610,Var611,Var612,Var613,Var614,Var615,Var616,Var617,Var618,Var619,Var620,Var621,Var622,Var623,Var624,Var625,Var626,Var627,Var628,Var629,Var630,Var631,Var632,Var633,Var634,Var635,Var636,Var637,Var638,Var639,Var640,Var641,Var642,Var643,Var644,Var645,Var646,Var647,Var648,Var649,Var650,Var651,Var652,Var653,Var654,Var655,Var656,Var657,Var658,Var659,Var660,Var661,Var662,Var663,Var664,Var665,Var666,Var667,Var668,Var669,Var670,Var671,Var672,Var673,Var674,Var675,Var676,Var677,Var678,Var679,Var680,Var681,Var682,Var683,Var684,Var685,Var686,Var687,Var688,Var689,Var690,Var691,Var692,Var693,Var694,Var695,Var696,Var697,Var698,Var699,Var700,Var701,Var702,Var703,Var704,Var705,Var706,Var707,Var708,Var709,Var710,Var711,Var712,Var713,Var714,Var715,Var716,Var717,Var718,Var719,Var720,Var721,Var722,Var723,Var724,Var725,Var726,Var727,Var728,Var729,Var730,Var731,Var732,Var733,Var734,Var735,Var736,Var737,Var738,Var739,Var740,Var741,Var742,Var743,Var744,Var745,Var746,Var747,Var748,Var749,Var750,Var751,Var752,Var753,Var754,Var755,Var756,Var757,Var758,Var759,Var760,Var761,Var762,Var763,Var764,Var765,Var766,Var767,Var768,Var769,Var770,Var771,Var772,Var773,Var774,Var775,Var776,Var777,Var778,Var779,Var780,Var781,Var782,Var783,Var784,Var785,Var786,Var787,Var788,Var789,Var790,Var791,Var792,Var793,Var794,Var795,Var796,Var797,Var798,Var799,Var800,Var801,Var802,Var803,Var804,Var805,Var806,Var807,Var808,Var809,Var810,Var811,Var812,Var813,Var814,Var815,Var816,Var817,Var818,Var819,Var820,Var821,Var822,Var823,Var824,Var825,Var826,Var827,Var828,Var829,Var830,Var831,Var832,Var833,Var834,Var835,Var836,Var837,Var838,Var839,Var840,Var841,Var842,Var843,Var844,Var845,Var846,Var847,Var848,Var849,Var850,Var851,Var852,Var853,Var854,Var855,Var856,Var857,Var858,Var859,Var860,Var861,Var862,Var863,Var864,Var865,Var866,Var867,Var868,Var869,Var870,Var871,Var872,Var873,Var874,Var875,Var876,Var877,Var878,Var879,Var880,Var881,Var882,Var883,Var884,Var885,Var886,Var887,Var888,Var889,Var890,Var891,Var892,Var893,Var894,Var895,Var896,Var897,Var898,Var899,Var900,Var901,Var902,Var903,Var904,Var905,Var906,Var907,Var908,Var909,Var910,Var911,Var912,Var913,Var914,Var915,Var916,Var917,Var918,Var919,Var920,Var921,Var922,Var923,Var924,Var925,Var926,Var927,Var928,Var929,Var930,Var931,Var932,Var933,Var934,Var935,Var936,Var937,Var938,Var939,Var940,Var941,Var942,Var943,Var944,Var945,Var946,Var947,Var948,Var949,Var950,Var951,Var952,Var953,Var954,Var955,Var956,Var957,Var958,Var959,Var960,Var961
Time,0,0.025,0.05,0.075,0.1,0.125,0.15,0.175,0.2,0.225,0.25,0.275,0.3,0.325,0.35,0.375,0.4,0.425,0.45,0.475,0.5,0.525,0.55,0.575,0.6,0.625,0.65,0.675,0.7,0.725,0.75,0.775,0.8,0.825,0.85,0.875,0.9,0.925,0.95,0.975,1,1.025,1.05,1.075,1.1,1.125,1.15,1.175,1.2,1.225,1.25,1.275,1.3,1.325,1.35,1.375,1.4,1.425,1.45,1.475,1.5,1.525,1.55,1.575,1.6,1.625,1.65,1.675,1.7,1.725,1.75,1.775,1.8,1.825,1.85,1.875,1.9,1.925,1.95,1.975,2,2.025,2.05,2.075,2.1,2.125,2.15,2.175,2.2,2.225,2.25,2.275,2.3,2.325,2.35,2.375,2.4,2.425,2.45,2.475,2.5,2.525,2.55,2.575,2.6,2.625,2.65,2.675,2.7,2.725,2.75,2.775,2.8,2.825,2.85,2.875,2.9,2.925,2.95,2.975,3,3.025,3.05,3.075,3.1,3.125,3.15,3.175,3.2,3.225,3.25,3.275,3.3,3.325,3.35,3.375,3.4,3.425,3.45,3.475,3.5,3.525,3.55,3.575,3.6,3.625,3.65,3.675,3.7,3.725,3.75,3.775,3.8,3.825,3.85,3.875,3.9,3.925,3.95,3.975,4,4.025,4.05,4.075,4.1,4.125,4.15,4.175,4.2,4.225,4.25,4.275,4.3,4.325,4.35,4.375,4.4,4.425,4.45,4.475,4.5,4.525,4.55,4.575,4.6,4.625,4.65,4.675,4.7,4.725,4.75,4.775,4.8,4.825,4.85,4.875,4.9,4.925,4.95,4.975,5,5.025,5.05,5.075,5.1,5.125,5.15,5.175,5.2,5.225,5.25,5.275,5.3,5.325,5.35,5.375,5.4,5.425,5.45,5.475,5.5,5.525,5.55,5.575,5.6,5.625,5.65,5.675,5.7,5.725,5.75,5.775,5.8,5.825,5.85,5.875,5.9,5.925,5.95,5.975,6,6.025,6.05,6.075,6.1,6.125,6.15,6.175,6.2,6.225,6.25,6.275,6.3,6.325,6.35,6.375,6.4,6.425,6.45,6.475,6.5,6.525,6.55,6.575,6.6,6.625,6.65,6.675,6.7,6.725,6.75,6.775,6.8,6.825,6.85,6.875,6.9,6.925,6.95,6.975,7,7.025,7.05,7.075,7.1,7.125,7.15,7.175,7.2,7.225,7.25,7.275,7.3,7.325,7.35,7.375,7.4,7.425,7.45,7.475,7.5,7.525,7.55,7.575,7.6,7.625,7.65,7.675,7.7,7.725,7.75,7.775,7.8,7.825,7.85,7.875,7.9,7.925,7.95,7.975,8,8.025,8.05,8.075,8.1,8.125,8.15,8.175,8.2,8.225,8.25,8.275,8.3,8.325,8.35,8.375,8.4,8.425,8.45,8.475,8.5,8.525,8.55,8.575,8.6,8.625,8.65,8.675,8.7,8.725,8.75,8.775,8.8,8.825,8.85,8.875,8.9,8.925,8.95,8.975,9,9.025,9.05,9.075,9.1,9.125,9.15,9.175,9.2,9.225,9.25,9.275,9.3,9.325,9.35,9.375,9.4,9.425,9.45,9.475,9.5,9.525,9.55,9.575,9.6,9.625,9.65,9.675,9.7,9.725,9.75,9.775,9.8,9.825,9.85,9.875,9.9,9.925,9.95,9.975,10,10.025,10.05,10.075,10.1,10.125,10.15,10.175,10.2,10.225,10.25,10.275,10.3,10.325,10.35,10.375,10.4,10.425,10.45,10.475,10.5,10.525,10.55,10.575,10.6,10.625,10.65,10.675,10.7,10.725,10.75,10.775,10.8,10.825,10.85,10.875,10.9,10.925,10.95,10.975,11,11.025,11.05,11.075,11.1,11.125,11.15,11.175,11.2,11.225,11.25,11.275,11.3,11.325,11.35,11.375,11.4,11.425,11.45,11.475,11.5,11.525,11.55,11.575,11.6,11.625,11.65,11.675,11.7,11.725,11.75,11.775,11.8,11.825,11.85,11.875,11.9,11.925,11.95,11.975,12,12.025,12.05,12.075,12.1,12.125,12.15,12.175,12.2,12.225,12.25,12.275,12.3,12.325,12.35,12.375,12.4,12.425,12.45,12.475,12.5,12.525,12.55,12.575,12.6,12.625,12.65,12.675,12.7,12.725,12.75,12.775,12.8,12.825,12.85,12.875,12.9,12.925,12.95,12.975,13,13.025,13.05,13.075,13.1,13.125,13.15,13.175,13.2,13.225,13.25,13.275,13.3,13.325,13.35,13.375,13.4,13.425,13.45,13.475,13.5,13.525,13.55,13.575,13.6,13.625,13.65,13.675,13.7,13.725,13.75,13.775,13.8,13.825,13.85,13.875,13.9,13.925,13.95,13.975,14,14.025,14.05,14.075,14.1,14.125,14.15,14.175,14.2,14.225,14.25,14.275,14.3,14.325,14.35,14.375,14.4,14.425,14.45,14.475,14.5,14.525,14.55,14.575,14.6,14.625,14.65,14.675,14.7,14.725,14.75,14.775,14.8,14.825,14.85,14.875,14.9,14.925,14.95,14.975,15,15.025,15.05,15.075,15.1,15.125,15.15,15.175,15.2,15.225,15.25,15.275,15.3,15.325,15.35,15.375,15.4,15.425,15.45,15.475,15.5,15.525,15.55,15.575,15.6,15.625,15.65,15.675,15.7,15.725,15.75,15.775,15.8,15.825,15.85,15.875,15.9,15.925,15.95,15.975,16,16.025,16.05,16.075,16.1,16.125,16.15,16.175,16.2,16.225,16.25,16.275,16.3,16.325,16.35,16.375,16.4,16.425,16.45,16.475,16.5,16.525,16.55,16.575,16.6,16.625,16.65,16.675,16.7,16.725,16.75,16.775,16.8,16.825,16.85,16.875,16.9,16.925,16.95,16.975,17,17.025,17.05,17.075,17.1,17.125,17.15,17.175,17.2,17.225,17.25,17.275,17.3,17.325,17.35,17.375,17.4,17.425,17.45,17.475,17.5,17.525,17.55,17.575,17.6,17.625,17.65,17.675,17.7,17.725,17.75,17.775,17.8,17.825,17.85,17.875,17.9,17.925,17.95,17.975,18,18.025,18.05,18.075,18.1,18.125,18.15,18.175,18.2,18.225,18.25,18.275,18.3,18.325,18.35,18.375,18.4,18.425,18.45,18.475,18.5,18.525,18.55,18.575,18.6,18.625,18.65,18.675,18.7,18.725,18.75,18.775,18.8,18.825,18.85,18.875,18.9,18.925,18.95,18.975,19,19.025,19.05,19.075,19.1,19.125,19.15,19.175,19.2,19.225,19.25,19.275,19.3,19.325,19.35,19.375,19.4,19.425,19.45,19.475,19.5,19.525,19.55,19.575,19.6,19.625,19.65,19.675,19.7,19.725,19.75,19.775,19.8,19.825,19.85,19.875,19.9,19.925,19.95,19.975,20,20.025,20.05,20.075,20.1,20.125,20.15,20.175,20.2,20.225,20.25,20.275,20.3,20.325,20.35,20.375,20.4,20.425,20.45,20.475,20.5,20.525,20.55,20.575,20.6,20.625,20.65,20.675,20.7,20.725,20.75,20.775,20.8,20.825,20.85,20.875,20.9,20.925,20.95,20.975,21,21.025,21.05,21.075,21.1,21.125,21.15,21.175,21.2,21.225,21.25,21.275,21.3,21.325,21.35,21.375,21.4,21.425,21.45,21.475,21.5,21.525,21.55,21.575,21.6,21.625,21.65,21.675,21.7,21.725,21.75,21.775,21.8,21.825,21.85,21.875,21.9,21.925,21.95,21.975,22,22.025,22.05,22.075,22.1,22.125,22.15,22.175,22.2,22.225,22.25,22.275,22.3,22.325,22.35,22.375,22.4,22.425,22.45,22.475,22.5,22.525,22.55,22.575,22.6,22.625,22.65,22.675,22.7,22.725,22.75,22.775,22.8,22.825,22.85,22.875,22.9,22.925,22.95,22.975,23,23.025,23.05,23.075,23.1,23.125,23.15,23.175,23.2,23.225,23.25,23.275,23.3,23.325,23.35,23.375,23.4,23.425,23.45,23.475,23.5,23.525,23.55,23.575,23.6,23.625,23.65,23.675,23.7,23.725,23.75,23.775,23.8,23.825,23.85,23.875,23.9,23.925,23.95,23.975
Grid_Re,988.399,1529.664,1172.168,1101.69,1459.691,1435.452,1465.658,1046.142,1376.199,1480.122,1018.705,910.662,912.791,958.911,925.051,561.928,835.275,960.437,1861.992,993.217,1593.466,839.758,1178.585,784.585,1653.535,1238.587,1184.73,1636.973,1202.567,1197.028,918.951,1781.133,700.714,292.92,728.307,811.117,404.359,403.14,803.951,493.879,755.515,800.562,807.382,961.924,1288.118,887.142,836.872,1233.225,1243.884,805.282,804.687,434.752,797.398,820.477,396.354,723.921,692.677,334.903,1898.1,1717.025,1364.888,2574.465,2137.898,1962.052,2714.483,1144.686,1790.101,882.759,1628.008,1555.475,1182.446,1158.021,1630.645,1122.281,710.834,798.514,1224.805,1144.729,788.711,600.97,1015.992,563.443,983.412,1034.72,2131.197,2454.828,536.81,605.231,2436.397,666.169,673.445,993.69,557.152,1001.974,830.091,424.762,850.034,823.021,475.376,1840.047,1644.845,1013.781,1128.79,1635.565,1581.837,1274.614,1251.545,1810.215,1125.583,906.126,1859.185,1737.609,672.762,824.427,824.861,564.42,427.966,872.47,447.074,417.826,814.871,950.446,537.89,824.666,817.748,866.207,566.543,931.062,940.16,1012.114,534.342,609.792,964.238,531.358,959.516,972.878,556.837,986.486,934.187,973.904,1564.146,1468.695,1675.048,1069.421,1191.254,1319.254,1705.387,1073.974,1489.707,1405.441,907.979,1563.142,1468.229,700.397,819.726,418.93,421.011,860.626,817.481,824.105,836.102,975.465,1049.758,966.369,956.316,542.91,955.574,573.385,537.911,0,0,0,0,0,0,1050.339,1057.528,1120.991,714.942,1060.117,1336.464,1613.063,2329.994,1415.442,2291.138,1488.764,2197.315,1357.942,1606.066,1842.643,1109.725,1200.367,838.869,1000.42,1303.566,740.388,857.073,1007.001,974.733,984.773,1016.661,976.805,528.168,934.47,558.721,622.033,1004.939,593.849,669.262,989.944,967.617,567.579,1079.485,950.451,893.273,846.548,852.451,870.249,850.012,865.249,856.296,400.991,1707.587,1384.194,1089.534,702.672,1553.399,935.365,1722.741,848.048,1552.253,1361.869,674.713,1211.704,1688.205,818.387,902.445,797.657,393.201,802.984,797.185,827.816,874.31,864.578,805.894,848.38,929.925,452.821,797.896,499.533,397.155,793.448,859.848,838.037,853.873,802.442,802.631,847.187,465.497,282.416,685.981,280.446,398.951,1116.335,1718.961,719.832,1346.138,744.777,868.839,1560.218,703.133,1417.08,1039.117,1248.716,1774.528,1290.598,1123.018,803.003,929.484,810.52,846,436.759,909.038,843.637,432.603,897.373,907.44,425.939,843.613,835.379,835.988,317.53,752.795,733.2,435.617,839.818,832.282,427.263,537.546,829.703,427.564,491.244,822.969,454.195,1130.794,1410.868,1493.393,956.256,1383.175,1668.444,964.94,1720.06,936.949,1375.378,1537.554,1057.453,1510.618,1797.18,827.848,414.574,428.799,822.279,316.637,1971.22,2254.2,905.833,666.727,988.13,1133.881,1032.805,1213.998,1188.248,1172.087,591.701,1017.01,2485.953,1996.734,2396.833,1988.719,2004.521,2390.862,2000.624,2199.854,2489.323,636.967,1496.963,1760.79,1103.118,1735.367,1532.777,1491.954,1439.868,839.237,1949.33,1284.739,1459.042,1721.568,963.142,916.198,2425.528,2014.512,2404.517,1035.843,631.641,1064.893,1040.844,471.771,933.478,479.173,459.585,991.859,895.617,876.304,462.454,871.976,997.225,987.188,770.457,877.361,879.628,524.801,928.719,888.368,840.672,859.238,425.581,1275.582,1682.107,922.816,1364.855,769.456,1982.197,1235.704,1697.682,1920.393,2003.397,1696.054,1460.636,1328.873,1453.941,1107.951,1111.508,690.604,604.236,1010.849,1156.87,1123.314,651.655,763.756,1058.534,649.781,978.229,986.529,965.527,561.962,960.521,941.01,563.22,581.421,1197.274,1217.086,676.543,1087.522,1206.834,727.068,1003.853,1166.838,823.874,1457.197,1398.629,1741.358,1428.435,997.681,2135.775,1412.301,1773.936,1377.488,1377.288,1459.583,1745.446,1552.143,1099.052,543.905,530.598,990.087,837.056,844.508,509.933,944.185,485.003,420.21,901.997,415.304,431.098,936.087,830.21,420.512,928.756,718.786,308.376,869.125,827.741,833.605,422.79,899.147,834.059,421.524,740.423,1599.721,1387.062,794.072,1267.319,1132.658,1817.45,450.839,1690.622,1368.508,523.928,1281.598,1424.906,888.733,1078.393,484.208,831.467,838.602,419.602,822.817,899.912,418.556,819.552,918.992,858.856,492.062,824.153,535.801,530.138,923.184,999.704,419.085,416.336,822.371,829.896,414.587,821.894,822.572,510.352,465.403,815.191,412.702,1372.538,1527.525,1024.913,1458.848,796.36,1147.774,1698.019,1067.441,1136.206,1650.009,944.196,1329.824,1330.249,721.565,919.476,828.028,435.596,841.344,870.617,481.83,1034.576,953.043,543.452,976.295,995.567,536.01,580.119,974.046,943.954,524.302,973.291,937.84,537.659,687.708,932.694,936.412,597.922,935.036,826.034,417.332,309.493,1203.693,1135.388,764.814,1350.534,1356.206,766.065,1160.937,852.093,1368.348,963.204,1089.585,1387.532,1479.385,1260.208,941.315,537.013,534.635,937.672,940.47,527.561,962.333,935.64,527.456,1012.746,915.64,527.434,640.968,1224.161,1211.913,1215.524,1124.216,1030.23,1046.017,628.757,990.423,1001.776,1040.035,1005.315,1066.981,1041.448,897.187,1188.673,1181.662,1650.004,559.913,1348.902,928.169,1644.956,1109.637,1241.805,1962.36,1007.941,1145.233,1750.98,1825.216,576.727,1025.349,1005.39,593.946,993.505,991.073,994.878,602.221,992.599,1029.947,578.495,481.747,888.665,883.821,404.024,388.689,768.454,783.437,363.095,774.67,821.187,440.486,363.002,808.323,775.095,361.365,1910.304,974.243,1612.704,792.914,1938.719,1311.723,1788.574,1328.59,1402.873,1992.88,1621.576,1453.524,1898.621,1913.365,1019.707,1118.139,1122.64,1188.036,670.711,1008.091,1103.907,1120.493,585.327,994.022,999.255,784.598,1080.178,1000.699,1014.458,481.318,510.07,894.271,914.44,489.641,1011.161,1134.713,1006.591,607.065,1006.753,1001.624,673.818,2032.57,1710.218,1469.864,1475.809,1328.787,1251.098,2042.406,1427.498,1432.268,1876.464,774.624,1235.526,1822.892,1545.582,469.226,908.863,873.614,877.348,897.777,644.568,467.906,967.92,618.253,567.113,988.321,1102.052,1173.926,687.001,1081.949,981.315,1092.135,607.95,1153.368,1186.118,1180.224,940.668,1189.864,1117.775,707.196,707.249,1027.504,1954.451,1244.641,1385.634,1182.18,1435.178,1307.598,872.175,1095.152,1076.484,1518.005,1437.823,1038.497,982.109,1848.794,842.288,967.008,963.511,557.438,998.92,956.182,950.293,535.173,956.571,1036.891,578.3,533.58,934.687,970.342,883.824,835.079,854.902,441.477,820.244,718.922,765.355,305.813,717.013,759.318,717.738,764.106,358.381,1484.063,1357.64,971.492,1517.277,961.624,1700.384,429.775,1735.009,1361.396,1241.685,1644.557,1352.678,934.582,1625.134,932.516,515.524,930.426,924.897,763.875,548.222,982.671,916.969,510.343,909.286,836.39,433.77,396.975,791.922,846.187,852.257,813.205,813.515,841.203,804.21,301.686,782.451,692.956,337.351,872.164,797.402,798.992,1264.143,1820.694,889.74,1366.52,986.294,1572.573,1195.687,1362.355,1394.06,862.363,1466.196,1447.537,1147.614,758.273,802.378,699.626,696.082,699.083,824.393,398.664,890.849,829.124,858.456,809.103,817.726,398.075,779.715,800.791,806.658,853.776,802.036,505.728,930.809,909.045,500.414,952.407,905.879,940.838,557.059,392.415,836.478,1533.686,1324.28,903.881,1609.714,1070.849,1825.036,903.668,1345.152,1293.879,838.29,1393.234,1011.26,1187.872,1073.446,689.793,693.494,692.981,282.607,712.034,716.367,709.679,323.608,461.753,800.141,930.045,989.367,575.401,910.981,910.883,548.083,902.17,909.365,548.331,563.956,902.219,559.581,913.467,917.05,899.693,492.729,840.734,1443.413,1262.99,1140.568,1160.751,977.598,1705.994,1030.384,993.478,1181.14,1297.484,1614.656,1405.709,352.454,826.145,801.903,802.881,809.351,392.732,796.367,393.017,462.092,840.925,459.996,392.664,789.177,803.512,452.895,1116.727,1112.716,770.031,708.231,1215.011,430.39,395.62,792.902,888.404,398.793,854.379,795.521,838.023,422.538,1579.917,1511.419,865.158,1200.435,1180.094,1590.585,1298.169,1539.912,1352.943,1203.056,1425.028,1580.048,1238.552,940.381,796.085,800.353,397.101,790.795,796.657,396.126,866.768,818.107,436.747,397.775,790.185,848.342,419.506,791.103,795.483,460.984,788.568,797.621,434.753,810.762,787.655,393.931,801.009,960.232,499.799,563.844,960.594,1383.948
Dryer_Re,1.359,1.359,-0.04,0,0,0.059,0.059,0,0,1.314,1.314,1.495,1.495,0,-0.478,-0.478,0,0,-0.246,-0.246,0.274,0.274,2.14,2.14,0,0,0,0,0,0.398,0.398,2.08,0.968,0.968,1.608,1.629,-0.063,1.224,0.419,0.419,1.667,0,0,0,-0.887,-0.887,-0.252,-0.252,1.942,1.942,-0.046,2.051,2.051,0.446,1.47,1.47,0.111,0.111,0,0,0,0,0.334,-1.592,1.61,0,-0.015,-0.015,1.198,1.198,0,0,0,0.386,0.386,1.72,1.72,0.396,0.396,0,0.132,0.132,1.621,-0.496,1.353,1.353,-0.32,0,0.412,0.412,1.559,-0.541,-0.541,1.119,0.015,0.015,1.029,0.502,1.558,1.558,0.262,0.262,1.824,1.824,-0.091,1.442,1.442,0.826,0.826,1.414,1.414,1.168,1.168,0,-0.056,-0.056,0,0.022,0.022,1.931,1.931,0.208,0.208,1.698,0,-0.491,1.202,1.202,0,0.117,0.117,1.261,-0.526,-0.526,0.911,0.018,0.018,1.73,0,0.305,1.968,1.968,0.584,0.584,1.64,1.64,0,0,0,0,0,0,0.138,2.305,2.305,-0.062,1.66,1.66,0,0,-0.617,1.499,0,0,-0.539,1.533,1.533,-0.518,0,0,0,0,0,0,0,1.452,1.452,-0.356,1.645,1.645,0,0,0,0,0,0,0,0.193,0.193,0,0.82,0.82,0,0,0,-0.464,1.503,0,0,0,0,0.511,1.342,1.342,-0.483,1.012,1.012,-0.528,1.736,1.736,-0.553,-0.553,1.422,0,0,0,0,0,0,0,0.396,0.396,1.919,0.549,0.549,0,0,-0.307,1.775,0,0,-0.091,-0.091,1.91,-0.051,-0.051,1.197,0.231,0.231,0,0,0,0,0,0,0,0.362,0.362,0.682,0.682,2.031,2.031,0,0,0,0,0,-0.019,-0.019,0,0.07,0.07,1.626,1.626,0.146,1.845,1.845,0.097,0,-0.174,-0.174,1.877,1.877,0,0,0,0,0,0,0,-0.236,1.493,1.493,-0.257,-0.257,0,-0.148,-0.148,1.876,0,0.242,1.959,1.959,-0.043,-1.931,1.282,-0.534,-0.534,0.999,0.088,0.088,0,0.351,0.351,1.874,1.874,-0.32,1.633,1.633,-0.442,-0.442,1.714,0,0,0,0,0,0,-0.123,-0.123,1.681,0.618,-1.703,-0.17,-0.17,-0.307,-1.073,0,0,0,0,0,0.971,0.971,1.426,-2.333,-0.595,-0.595,-2.158,-0.937,-1.433,-1.433,-0.44,-1.903,-0.982,1.45,0.177,1.16,1.16,0,-0.268,-0.268,1.072,1.072,0,0,-0.327,-0.327,1.507,-2.309,-1.006,-1.006,-0.999,-0.999,1.243,-0.368,1.038,1.038,-0.793,0.619,0.619,0,-0.836,0.671,0.671,0,-0.808,-0.808,0,-0.443,1.639,1.639,0,0,-0.241,-0.241,0,0,0.304,0.304,3.194,3.194,0.786,2.544,0,0,0.287,0.287,0,0,0,0.102,0.102,1.747,1.747,0,-0.789,-0.789,0.886,-0.495,-0.495,0,0,-0.246,-0.246,0,-0.356,-0.356,1.42,1.42,-0.085,1.356,1.356,-0.537,-0.537,1.086,1.148,-0.417,0,0,0,-0.584,0.764,0.764,0,-0.417,-0.417,0.925,-0.595,-0.595,1.235,-0.622,-0.622,1.479,1.479,0,0.32,1.852,1.852,-0.22,1.471,1.471,-0.2,0,0,0.164,0.164,1.754,0.102,0.102,1.327,0,0.429,1.248,1.248,-0.461,-0.461,1.052,0,0.006,1.249,1.249,0,-0.171,1.133,1.133,0.022,0.022,0,0,0.16,0.16,1.922,1.922,0.435,1.761,1.761,-0.224,1.472,1.472,0,-0.202,1.524,1.524,0.372,0.713,0.713,-0.532,-0.532,0,0,-0.523,1.612,1.612,0.279,0.279,1.214,1.214,0.352,0,0,0,0.078,1.956,1.956,0,0.671,0.671,1.554,0,0.117,0.117,1.744,1.744,0.214,1.193,1.193,-0.149,-2.403,1.538,-0.629,-0.629,1.365,-0.66,-0.66,1.176,1.176,-0.558,-0.558,0.924,-0.584,-0.584,0,0,-0.29,-0.29,0,-0.189,-0.189,2.189,2.189,0.369,1.886,1.886,0.453,0.453,2.079,2.079,0.734,0.734,1.847,0.013,-0.981,0,-0.66,-0.66,1.529,1.529,-0.422,1.215,1.215,-0.599,-0.599,1.015,-0.65,-0.65,0.659,0.659,0,0,0,0,0.929,0.929,0,0,0,0,0,0,0.216,0.216,2.271,0.107,0.107,2.086,-0.382,-0.19,1.62,1.62,-0.17,-0.17,1.314,0,-0.608,-0.608,0.808,-0.54,1.638,1.638,0,-0.303,-0.303,1.592,-0.582,-0.582,1.737,1.737,0.465,0.465,1.722,1.722,0.934,0.934,1.675,-0.074,-0.074,0,0,-0.056,-1.459,-1.459,0.442,0.442,1.683,1.683,0,-0.452,1.463,1.463,0,0,0,0,0.839,1.175,1.175,0,-0.114,1.36,1.36,0,-0.329,1.412,1.412,0.025,0.025,1.242,0,0.769,0.769,1.227,1.227,-0.265,-2.066,-0.659,0,0.235,0.235,0,0.084,0.084,2.009,0,0,-0.334,-0.334,0,0,0,0,-0.126,-0.126,0,0,0.109,0.109,1.372,0,0,0.509,0.509,1.754,1.754,-0.265,1.449,0.614,1.204,-0.662,0.823,0.823,0,-0.124,-0.124,0.914,0,-0.773,-0.773,0.742,-0.753,-0.753,0.739,0.739,0,0.118,1.774,1.774,0,0.676,0.676,1.843,1.843,0,0,0.271,0.271,2.206,-0.551,1.487,-0.495,1.511,1.511,0,-0.498,-0.498,1.551,0.109,0.109,1.375,1.375,0,0,0,-0.351,-0.351,0,0,0.104,0.104,0,0,0,0.123,0.123,0,0,0,0,0,0.393,-1.945,1.833,0,0,0,0,0,0,0.295,0.295,0,0,-0.426,1.749,1.749,-0.476,1.442,1.442,-0.031,-0.031,1.733,1.733,0,0,0,0,0,0.845,0.845,1.846,0.075,1.605,0.301,0,0,0,0,0.681,0.681,2.045,0,0,0.2,0.2,0,0,0,0.521,0.521,0,0,0,0,0.041,0.041,1.851,0,0,0,0.161,0.161,1.405,0,0,0,-0.572,1.322,1.322,0.2,0.886,0.886,0,-0.017,-0.017,1.107,1.107,0.142,0.142,0,0,0,0.581,0.581,0,0,0,0.382,0.382,2.187,0,0,0,0.056,0.056,0,0,0.592,0.592,-0.388,0,0,-0.171,-0.171,0,0.242,1.613,1.613,-0.498,-0.498,1.356,-0.375,-0.375,1.06,0,-0.466,1.43,1.43,1.296,1.296,2.237,0,0,0,0.441,1.995,1.995,0,0,0.443,0.443,2.205,0.642,0,0.295,1.54,1.54,0,1.051,0.545,0.545,0,0,0.081,-1.028,0.271,-1.703,-1.703,0.147,1.918,-0.094,1.596,1.596,0.694,0.694,1.49,0,0.419,0.419,0,0.881,0.881,1.718,1.718,-0.523,0.234,0.234,0,0,1.945,1.945,0.625,1.545,1.545,-0.029,1.022,1.022,0.566,0.566,0,-0.327,-0.327,1.608,1.608,-0.389,1.464,1.464,-0.337,1.175,1.175,-0.157,-0.157,0,-0.371,-0.371,1.676,0.221,0.221,1.368,1.368,0.661
OfficeOutlets_Re,11.932,10.75,11.657,11.657,12.082,10.781,10.482,10.386,11.996,11.937,11.724,10.778,11.953,10.838,12.417,10.871,0,12.301,10.855,11.737,12.444,11.088,0,0,0,0,0,0,0,0,0,0,0,0,12.197,11.982,0,0,0,0,0,0,0,13.18,10.261,0,0,0,13.071,10.911,0,0,0,0,0,0,11.863,10.529,10.677,0,11.044,12.128,10.783,10.46,10.248,10.981,10.787,11.546,10.721,11.867,11.814,12.203,10.882,0,0,0,10.74,10.741,11.671,10.394,11.829,10.186,12.171,10.654,11.649,10.888,11.451,10.327,12.028,10.32,12.482,12.482,11.634,10.256,0,0,0,12.187,10.382,0,0,0,0,0,0,11.93,10.69,10.744,0,0,13.648,11.961,11.961,12.011,12.66,11.61,10.264,11.954,10.733,11.747,10.363,0,0,0,0,12.595,11.283,13.842,10.622,12.057,10.236,10.688,11.7,10.577,0,13.51,11.945,10.609,11.768,11.718,12.823,10.705,12.367,10.623,11.867,11.65,13.312,11.111,12.007,12.589,11.704,12.181,11.849,10.255,0,0,0,11.831,10.556,10.567,10.699,11.51,11.433,11.783,10.388,10.787,10.636,11.498,0,0,0,0,0,0,0,10.555,11.857,10.55,10.229,10.53,10.911,10.683,12.06,11.999,10.949,10.739,10.799,10.769,11.763,10.767,12.252,10.631,10.525,11.16,10.854,13.262,11.897,11.932,11.903,10.883,10.787,10.88,10.431,12.018,11.714,11.737,12.053,10.444,10.332,10.809,11.705,10.296,10.804,12.224,10.869,10.883,12.088,12.262,12.186,10.85,10.894,11.701,12.627,12.227,10.906,11.644,12.187,12.259,12.111,10.767,12.875,12.003,10.47,11.541,12.393,12.071,11.811,10.715,10.422,11.962,10.683,12.235,12.081,12.015,10.719,10.727,10.98,11.721,10.828,12.102,10.646,10.77,10.976,12.207,12.138,12.133,11.918,12.144,10.837,10.506,11.835,10.399,10.26,10.692,10.732,11.731,12.118,10.403,10.464,10.723,10.75,10.669,12.126,11.971,12.114,12.15,12.124,0,12.042,11.917,10.722,11.877,12.24,12.098,10.519,12.516,10.794,11.819,12.792,10.777,10.724,11.772,12.216,12.99,11.644,12.053,12.071,10.36,11.683,10.747,12.054,12.1,10.744,10.4,11.883,12.031,10.5,11.781,10.65,10.713,10.495,10.877,10.861,10.837,10.794,12.173,12.243,10.816,10.825,10.504,12.448,10.798,11.414,10.066,10.342,10.545,11.29,10.456,10.588,10.666,11.796,10.661,10.884,10.218,11.879,10.138,12.022,10.131,11.343,9.752,10.112,11.004,9.813,9.992,11.666,10.791,10.748,10.362,10.735,12.215,12.02,10.448,10.461,11.959,11.917,12.019,10.724,12.32,12.625,11.439,11.026,10.128,10.485,12.707,10.694,11.706,11.753,10.736,10.613,10.299,11.906,10.633,11.909,11.579,12.02,12.21,10.673,10.332,10.723,10.471,11.995,12.702,10.366,21.19,22.029,22.706,23.362,22.278,22.321,23.015,23.709,22.359,25.208,22.33,22.41,23.4,23.706,23.108,22.348,23.768,22.342,23.517,23.282,23.27,24.886,22.346,23.758,22.254,21.924,22.239,23.188,22.438,22.412,22.474,23.274,22.398,21.396,18.474,19.258,18.154,15.936,15.069,14.766,15.557,14.811,14.69,13.275,12.643,12.458,12.52,13.589,12.971,11.863,13.837,11.872,11.966,11.693,13.092,13.197,11.363,12.532,12.809,11.888,11.835,10.848,12.339,11.088,12.324,12.761,11.557,11.799,10.526,11.901,10.582,12.375,12.691,11.957,10.599,11.933,10.671,10.276,11.045,11.853,11.853,12.09,12.064,10.466,10.733,10.898,11.842,10.555,10.836,10.999,11.035,12.114,11.816,11.019,10.681,10.748,11.094,11.093,0,12.296,10.973,11.88,11.631,10.84,10.794,10.567,12.204,10.871,12.173,12.689,12.197,10.455,10.512,11.976,10.8,10.738,10.449,10.808,10.795,10.4,12.109,10.79,10.441,10.378,12.008,10.859,11.667,12.066,12.247,10.817,10.617,11.01,12.075,12.16,11.91,11.607,10.848,11.972,10.607,12.021,11.801,10.819,10.47,10.842,10.832,11.935,10.684,12.015,11.518,12.008,12.021,10.59,10.49,10.882,12.115,10.389,12.11,10.834,11.692,12.074,10.753,12.046,10.406,10.452,10.964,11.852,10.656,10.949,10.993,10.733,11.008,10.929,10.707,11.912,12.248,12.62,11.979,10.595,12.135,11.396,12.687,12.064,10.747,10.419,11.986,11.984,10.298,10.27,0,11.477,11.691,11.84,11.487,11.458,11.948,10.602,11.93,10.604,10.789,10.818,12.009,12.16,10.825,10.857,12.27,12.135,12.154,10.646,11.76,12.152,11.986,10.479,11.448,10.893,12.833,10.457,10.505,11.807,11.847,11.634,12.244,12.144,11.811,12.025,10.828,10.433,12.049,10.622,10.696,11.575,11.934,10.688,13.788,11.582,10.645,10.698,10.597,11.614,10.741,10.775,10.79,10.7,10.701,10.348,10.416,11.969,11.412,10.357,11.955,10.58,10.616,11.609,10.469,10.587,10.548,12.162,10.64,10.541,12.329,10.731,10.6,11.935,10.163,10.469,10.438,11.777,10.221,10.655,11.912,10.864,10.623,10.671,12.01,11.953,10.488,12.027,10.797,10.522,12.154,10.862,12.674,13.666,10.782,12.08,12.285,12.371,12.103,10.78,11.675,12.097,10.941,12.109,11.073,11.813,10.818,12.063,12.051,10.825,11.846,10.732,12.262,13.145,10.788,11.744,12.121,12.036,12.049,12.098,11.826,10.472,12.004,11.713,12.419,13.277,10.568,10.609,11.573,10.876,10.676,10.65,10.337,11.947,11.898,11.903,10.231,10.279,10.675,10.312,11.826,10.691,10.908,10.916,12.694,10.985,11.313,11.169,10.657,11.959,10.848,12.013,10.926,0,11.834,12.272,12.177,12.022,13.074,11.643,11.976,11.917,10.785,11.746,10.787,12.023,10.716,12.02,11.043,11.902,10.642,12.029,12.072,10.406,10.618,10.856,11.856,10.47,10.907,12.156,12.036,10.954,10.472,10.992,10.855,12.352,10.923,12.274,0,11.836,11.548,12.154,10.751,12.105,11.697,12.155,10.788,0,11.55,11.944,10.602,11.579,10.401,0,0,0,13.21,12.069,10.759,10.465,12.178,10.758,10.802,12.131,11.998,12.149,10.963,11.741,10.847,12.137,11.739,13.576,10.562,10.507,10.662,11.921,11.92,11.431,11.693,11.909,10.991,10.642,10.352,10.642,0,11.906,10.704,10.261,11.854,10.663,10.699,12.028,10.717,10.399,10.326,11.694,12.008,11.909,12.011,11.731,10.312,10.669,10.763,10.686,10.64,10.193,10.6,11.756,11.532,11.773,11.871,11.871,11.541,11.803,10.543,11.54,11.681,11.963,12.148,10.664,11.796,10.398,10.794,11.843,12.146,12.105,11.717,11.903,12.176,10.891,11.846,10.684,11.907,10.363,11.986,10.673,10.796,12.271,10.586,11.833,10.589,10.157,10.665,10.603,11.595,10.595,10.62,10.305,11.651,10.574,0,0,11.898,10.617,10.3,10.73,10.835,11.507,12.294,10.755,12.165,10.84,11.934,11.803,12.077,10.904,10.872,10.973,11.981,13.432,10.65,10.771,11.573,11.201,11.741,11.429,11.384,10.645,10.418,10.399,12.014,10.696,12.483,10.204,11.473,10.252,11.216,12.645,11.769,12.766,10.806,12.041,10.433,10.427,10.756,12.077,12.077,12.246,10.904,10.917,10.581,12.016,12.19,10.642,10.424,11.927,11.758,11.618,10.853,10.706,11.74,11.95,11.959,10.308,10.606,10.671,10.285,11.627,10.658,10.321,10.288,11.955,11.569,10.307,10.637,12.006,10.406,10.638,10.663,11.523,10.785,10.686,11.666,10.59,11.868,10.297,10.261,10.616,11.731
LivingRoomOutlets_Re,72.033,71.508,73.462,71.846,71.264,73.116,72.941,73.154,71.555,71.59,71.648,72.879,72.879,73.287,72.551,73.468,74.11,72.377,71.744,72.332,72.057,73.307,72.142,72.727,71.352,73.224,72.713,71.14,71.071,71.016,72.789,71.816,72.729,72.729,73.611,72.43,72.43,73.428,73.428,72.455,72.212,0,0,75.214,73.054,0,0,73.987,72.711,72.76,0,0,0,0,0,0,0,74.506,72.183,71.933,71.905,72.479,71.537,72.092,72.381,71.19,71.956,73.378,72.374,72.107,72.7,72.12,71.265,71.265,0,0,0,0,73.717,72.433,0,74.122,73.556,72.293,73.701,71.857,71.923,0,74.348,73.231,73.406,73.406,72.207,0,0,0,0,71.27,71.27,70.708,71.019,71.87,72.763,72.25,72.558,71.462,72.331,71.043,72.716,71.272,71.88,71.993,71.167,71.854,72.781,70.937,0,0,0,71.193,71.193,0,0,0,0,71.399,70.618,89.257,83.509,106.632,81.609,98.645,84.239,81.12,82.786,85.905,85.399,86.796,79.055,103.794,89.213,84.935,82.889,85.909,85.312,88.892,83.543,103.408,83.69,82.064,83.437,79.107,82.985,80.093,80.735,81.259,83.313,90.637,79.994,81.608,82.915,83.87,83.79,89.588,97.328,82.406,83.248,82.246,81.67,0,0,0,0,0,0,80.758,81.625,83.489,84.16,83.749,81.391,80.293,80.712,80.6,81.233,86.284,80.899,82.093,85.324,81.866,81.985,82.568,84.411,83.627,80.099,83.226,83.085,87.162,82.815,88.479,82.314,87.323,83.04,82.332,80.855,80.789,78.199,80.635,80.068,79.66,81.368,80.581,79.439,79.912,80.765,79.17,78.777,81.024,76.654,78.596,79.102,80.027,80.684,79.603,76.865,79.383,76.096,75.526,77.133,77.395,79.456,85.166,83.22,79.479,79.878,77.297,77.099,82.313,79.729,83.845,85.441,83.265,80.402,80.875,81.825,80.815,79.796,77.161,78.563,78.432,80.56,77.645,77.032,77.957,76.603,78.164,76.206,77.907,77.247,76.975,76.374,78.439,76.876,77.595,76.169,79.69,76.953,78.201,77.927,78.52,80.18,76.745,77.021,81.696,76.809,78.024,76.766,76.531,76.092,76.288,77.661,77.455,77.707,78.856,78.138,76.888,76.561,77.301,76.803,79.456,78.092,77.751,77.481,76.899,78.255,79.107,78.824,78.684,91.446,78.264,76.989,78.807,76.452,79.634,77.806,76.817,77.96,79.095,76.028,69.591,69.238,69.707,69.434,68.304,69.477,68.944,69.488,68.328,69.546,69.554,70.923,70.923,71.183,72.137,0,71.283,71.644,69.554,69.696,68.185,68.476,68.731,68.438,69.955,0,70.295,70.295,69.104,71.38,71.771,70.688,0,69.854,72.854,70.351,68.299,68.151,69.001,69.995,69.957,70.836,70.342,70.563,70.253,68.331,70.399,69.864,70.314,68.704,70.885,70.885,69.165,69.165,70.146,70.146,71.049,69.871,0,70.328,70.328,0,70.705,70.705,69.583,69.583,70.445,0,71.693,70.244,70.281,70.707,105.322,68.915,70.584,70.14,69.453,68.38,68.488,69.876,70.304,69.294,67.992,69.115,69.41,69.785,68.17,68.608,69.152,69.347,68.764,68.859,0,71.577,70.087,70.558,70.558,70.363,70.961,70.422,70.456,69.624,70.054,70.437,70.382,69.28,69.28,69.246,69.246,69.332,70.176,69.036,70.875,70.472,69.536,70.941,70.919,68.827,71.293,69.319,68.743,68.491,68.77,70.637,69.817,70.46,69.304,70.51,70.035,69.597,69.652,71.02,70.447,71.08,69.933,70.702,70.293,69.148,69.997,70.673,69.895,0,0,74.096,85.441,70.362,70.406,69.338,70.82,69.29,70.255,70.185,69.852,70.873,70.873,70.28,70.28,71.17,70.138,69.704,69.588,69.355,68.525,69.864,69.739,70.385,68.362,68.684,70.268,69.18,70.075,68.818,69.088,70.162,0,0,68.724,70.064,0,0,68.954,68.954,0,0,69.077,70.76,0,69.284,69.284,0,68.802,69.808,71.521,69.967,70.521,70.521,70.889,70.889,0,69.413,68.966,68.239,69.639,69.318,69.047,69.898,68.272,69.288,69.92,68.144,68.847,70.038,69.24,70.19,68.451,70.416,87.461,69.224,70.344,69.972,68.947,70.86,69.935,68.748,71.623,69.661,70.447,70.325,69.365,0,0,0,69.759,69.759,0,0,70.128,71.446,69.598,70.48,70.008,69.483,69,69.189,68.298,68.303,69.966,70.837,70.135,69.014,70.976,68.973,70.263,71.003,69.975,71.414,71.414,0,0,71.145,71.145,0,0,0,0,71.347,69.956,70.46,70.608,70.608,70.429,69.576,69.074,70.376,69.989,69.157,69.022,69.254,0,0,0,68.758,69.681,69.925,69.833,69.535,71.243,70.021,69.981,70.87,70.005,68.57,71.326,69.634,68.247,90.295,90.63,110.568,110.911,109.555,107.601,0,0,106.939,104.93,0,106.74,105.37,104.931,105.504,104.525,0,105.972,105.972,105.856,104.58,104.486,0,0,104.247,104.247,105.211,103.408,103.597,104.898,105.611,103.329,104.893,103.601,104.022,107.167,105.495,106.118,106.028,105.563,105.991,106.774,108.212,0,107.369,107.482,110.007,107.499,107.283,0,0,109.475,108.813,0,0,0,0,0,0,108.827,110.332,107.954,0,109.717,109.717,108.89,108.89,109.111,108.205,108.483,106.712,107.064,109.127,108.476,108.682,107.636,106.795,107.35,107.823,105.807,107.892,107.818,109.128,108.156,107.186,107.186,107.768,108.321,108.747,107.134,108.825,107.735,108.239,107.522,107.522,0,106.575,106.748,109.996,126.215,145.008,0,145.102,146.087,127.082,126.946,0,121.927,108.268,105.557,102.695,101.875,100.464,98.465,95.987,96.468,96.097,91.915,93.892,93.587,92.135,92.881,93.587,94.423,93.192,0,94.275,93.55,94.08,92.881,0,0,0,0,92.285,92.285,89.355,90.363,88.453,87.194,87.079,0,86.222,85.327,85.327,83.879,82.14,0,0,81.217,81.342,80.579,80.156,79.884,78.327,78.135,79.614,77.827,79.038,76.797,77.824,77.501,76.788,75.939,77.164,77.33,76.071,76.279,72.21,71.491,71.491,0,0,0,0,72.507,72.507,0,0,0,0,0,0,0,0,71.677,71.677,74.275,74.275,73.213,0,71.279,71.051,71.977,71.463,72.111,71.242,70.818,71.603,72.976,70.702,70.895,70.875,72.423,71.722,71.893,71.893,0,0,72.975,72.493,72.493,0,72.942,72.942,0,0,0,0,0,0,72.907,71.757,72.861,72.861,73.054,71.747,71.779,72.535,0,0,70.917,70.875,72.674,70.936,72.176,71.104,71.079,71.826,70.912,72.032,70.767,71.17,73.069,72.485,70.625,70.785,0,0,0,71.573,72.379,72.313,72.273,73.726,71.663,71.663,73.623,73.41,72.936,71.865,73.247,72.3,73.814,73.925,72.554,72.727,73.635,73.635,0,74.176,74.176,71.497,72.189,72.969,72.04,71.165,72.502,71.341,72.351,73.402,71.396,72.691,72.774,72.127,72.683,71.626,72.923,72.923,0,72.232,72.232,74.035,72.966,72.983,73.551,73.583,73.583,0,72.403,72.403,73.768,73.445,72.363,73.24,73.847,71.858,71.753,72.893,73.546,72.279,73.141,0,71.803,72.258,71.022,72.456,73.155,72.795,72.272,72.773,72.043,72.276,71.157,73.306,71.393,72.073,73.34,73.721,73.951,73.435,73.556,74.231,73.366,73.296,71.754,73.265,72.599,71.863,72.938,73.731,0,73.091,72.668,72.948,73.038,73.993,71.898,72.147,72.147,0,73.621,72.409,0,72.332,72.033
GuestBathOutlets_Re,0,0,0,0,0,0,0,0,0,0,0,0.663,0.663,0,0,0,0,0,0,0,0,0,0,0,0,0,0,0,0,0,0,0,0,0,0,0,0,0,0,0,0,0,0,0,0,0,0,0,0,0,0,0,0,0,0,0,0,0,0,0,0,0,0,0,0,0,0,0,0,0,0,0,0,0,0,0,0,0,0,0,0,0,0,0,0,0,0,0,0,0,0,0,0,0,0,0,0,0,0,0,0,0,0,0,0,0,0,0,0,0,0,0,0,0,0,0,0,0,0,0,0,0,0,0,0,0,0,0,0,0,0,0,0,0,0,0,0,0,0,0,0,0,0,0,0,0,0,0,0,0,0,0,0,0,0,0,0,0,0,0,0,0,0,0,0,0,0,0,0,0,0,0,0,0,0,0.652,0.652,0,0,0,0,0,0,0,0,0,0,0,0,0,0,0,0,0,0,0,0,0,0,0,0,0,0,0,0,0,0,0,0,0,0,0,0,0,0,0,0,0,0,0,0,0,0,0,0,0,0,0,0,0,0,0,0,0,0,0,0,0,0,0,0,0,0,0,0,0,0,0,0,0,0,0,0,0,0,0,0,0,0,0,0,0,0,0,0,0,0,0,0,0,0,0,0,0,0,0,0,0,0,0,0,0,0,0,0,0,0,0,0,0,0,0,0,0,0,0,0,0,0,0,0,0,0,0,0,0,0,0,0,0,0,0,0,0,0,0,0,0,0,0,0,0,0,0,0,0,0,0,0,0,0,0,0,0,0,0,0,0,0,0,0,0,0,0,0,0,0,0,0,0,0,0,0,0,0,0,0,0,0,0,0,0,0,0,0,0,0,0,0,0,0,0,0,0,0,0,0,0,0,0,0,0,0,0,0,0,0,0,0,0,0,0,0,0,0,0,0,0,0,0,0,0,0,0,0,0,0,0,0,0,0,0,0,0,0,0,0,0,0,0,0,0,0,0,0,0,0,0,0,0,0,0,0,0,0,0,0,0,0,0,0,0,0,0,0,0,0,0,0,0,0,0,0,0,0,0,0,0,0,0,0,0,0,0,0,0,0,0,0,0,0,0,0,0,0,0,0,0,0,0,0,0,0,0,0,0,0,0,0,0,0,0,0,0,0,0,0,0,0,0,0,0,0,0,0,0,0,0,0,0,0,0,0,0,0,0,0,0,0,0,0,0,0,0,0,0,0,0,0,0,0,0,0,0,0,0,0,0,0,0,0,0,0,0,0,0,0,0,0,0,0,0,0,0,0,0,0,0,0,0,0,0,0,0,0,0,0,0,0,0,0,0,0,0,0,0,0,0,0,0,0,0,0,0,0,0,0,0,0,0,0,0,0,0,0,0,0,0,0,0,0,0,0,0,0,0,0,0,0,0,0,0,0,0,0,0,0,0,0,0,0,0,0,0,0,0,0,0,0,0,0,0,0,0,0,0,0,0,0,0,0,0,0,0,0,0,0,0,0,0,0,0,0,0,0,0,0,0,0,0,0,0,0,0,0,0,0,0,0,0,0,0,0,0,0,0,0,0,0,0,0,0,0,0,0,0,0,0,0,0,0,0,0,0,0,0,0,0,0,0,0,0,0,0,0,0,0,0,0,0,0,0,0,0,0,0,0,0,0,0,0,0,0,0,0,0,0,0,0,0,0,0,0,0,0,0,0,0,0,0,0,0,0,0,0,0,0,0,0,0,0,0,0,0,0,0,0,0,0,0,0,0,0,0,0,0,0,0,0,0,0,0,0,0,0,0,0,0,0,0,0,0,0,0,0,0,0,0,0,0,0,0,0,0,0,0,0,0,0,0,0,0,0,0,0,0,0,0,0,0,0,0,0,0,0,0,0,0,0,0,0,0,0,0,0,0,0,0,0,0,0,0,0,0,0,0,0,0,0,0,0,0,0,0,0,0,0,0,0,0,0,0,0,0,0,0,0,0,0,0,0,0,0,0,0,0,0,0,0,0,0,0,0,0,0,0,0,0,0,0,0,0,0,0,0,0,0,0,0,0,0,0,0,0,0,0,0,0,0,0,0,0,0,0,0,0,0,0,0,0,0,0,0,0,0,0,0,0,0,0,0,0,0,0,0,0,0,0,0,0,0,0,0,0,0,0,0,0,0,0,0,0,0,0,0,0,0,0,0,0,0,0,0,0,0,0,0,0,0,0
MasterBathOutlets_Re,0,0,0,0,0,0,0,0,0,0,0,1.969,1.969,0,0,0,0,0,0,0,0,0,0,0,0,0,0,0,0,0,0,0,0,0,0,0,0,0,0,0,0,0,0,0,0,0,0,0,0,0,0,0,0,0,0,0,0,0,0,0,0,0,0,0,0,0,0,0,0,0,0,0,0,0,0,0,0,0,0,0,0,0,0,0,0,0,0,0,0,0,0,0,0,0,0,0,0,0,0,0,0,0,0,0,0,0,0,0,0,0,0,0,0,0,0,0,0,0,0,0,0,0,0,0,0,0,0,0,0,0,0,0,0,0,0,0,0,0,0,0,0,0,0,0,0,0,0,0,0,0,0,0,0,0,0,0,0,0,0,0,0,0,0,0,0,0,0,0,0,0,0,0,0,0,0,2.006,2.006,0,0,0,0,0,0,0,0,0,0,0,0,0,0,0,0,0,0,0,0,0,0,0,0,0,0,0,0,0,0,0,0,0,0,0,0,0,0,0,0,0,0,0,0,0,0,0,0,0,0,2.712,2.712,0,0,0,0,0,0,0,0,0,0,0,0,0,0,0,0,0,0,0,0,0,0,0,0,0,0,0,0,0,0,0,0,3.344,3.344,0,0,0,0,0,0,0,0,0,0,0,0,0,0,0,0,0,0,0,0,0,0,0,0,0,0,0,0,0,0,0,0,0,0,0,0,0,0,0,0,0,0,0,0,0,0,0,0,0,0,0,0,0,0,0,0,0,0,0,0,0,0,3.573,3.573,0,0,0,0,0,0,0,0,0,0,0,0,0,0,0,0,0,0,0,0,0,0,0,0,0,0,0,0,0,0,0,3.416,3.416,0,0,0,0,0,0,0,0,0,0,0,0,0,0,0,0,0,0,0,3.037,3.037,0,0,0,0,0,0,0,0,0,0,0,0,0,0,0,0,0,0,0,0,0,0,0,0,0,0,0,0,0,0,0,0,0,0,0,0,0,0,0,0,0,0,0,0,3.041,3.041,0,0,0,0,0,0,0,0,0,0,0,0,0,0,0,0,0,0,0,0,0,0,0,0,0,0,0,0,0,0,0,0,0,0,0,0,0,0,0,0,0,0,0,0,0,0,0,0,0,0,0,0,0,0,0,0,0,0,0,0,0,0,0,0,0,0,0,0,0,0,0,0,0,0,0,0,0,0,0,0,0,0,0,0,0,0,0,0,0,0,0,0,0,0,0,0,0,0,0,0,0,0,0,0,0,0,0,0,0,0,0,0,0,0,0,0,0,0,0,0,0,0,0,0,0,0,0,0,0,0,0,0,0,0,0,0,0,0,0,0,0,0,0,0,0,0,0,0,0,0,0,0,0,0,0,0,0,0,0,0,0,0,0,0,0,0,0,0,0,0,0,0,0,0,0,0,0,0,0,0,0,0,0,0,0,0,0,0,0,0,0,0,0,0,0,0,0,0,0,0,0,0,0,0,0,0,0,0,0,0,0,0,0,0,0,0,0,0,0,0,0,0,0,0,0,0,0,0,0,0,0,0,0,0,0,0,0,0,0,0,0,0,0,0,0,0,0,0,0,0,0,0,0,0,0,0,0,0,0,0,0,0,0,0,0,0,0,0,0,0,0,0,0,0,0,0,0,0,0,0,0,0,0,0,0,0,0,0,0,0,0,0,0,0,0,0,0,0,0,0,0,0,0,0,0,0,0,0,0,0,0,0,0,0,0,0,0,0,0,0,0,0,0,0,0,0,0,0,0,0,0,0,0,0,0,0,0,0,0,0,0,0,0,0,0,0,0,0,0,0,0,0,0,0,0,0,0,0,0,0,0,0,0,0,0,0,0,0,0,0,0,0,0,0,0,0,0,0,0,0,0,0,0,0,0,0,0,0,0,0,0,0,0,0,0,0,0,0,2.796,2.796,0,0,0,0,0,0,0,0,0,0,0,0,0,0,0,0,0,0,0,0,0,0,0,0,0,0,0,0,0,0,0,0,0,0,0,0,0,0,0,0,0,0,0,0,0,0,0,0,0,0,0,0,0,0,0,0,0,0,0,0,0,0,0,0,0,0,0,0,0,0,0,0,0,0,0,0,0,0,0,0,0,0,0,0,0,0,0,0,0,0,0,0,0,0,0,0,2.743,2.743,0,0,0,0,0,0,0,0,0,0,0,0,0,0,0,0,0,0,0,0,0,0,0,0,0,0,0,0,0,0,0,0,0,0,0
LivingRoomPatioLights_Re,0,0,0,0,0,0,0,0,0,0,0,4.644,4.644,0,0,0,0,0,0,0,0,0,0,0,0,0,0,0,0,0,0,0,0,0,3.674,3.674,0,0,0,0,0,0,0,0,0,0,0,0,0,0,3.815,3.815,0,0,0,0,0,0,0,0,0,0,0,0,0,0,0,0,0,0,0,0,0,0,0,0,0,0,0,0,0,0,0,0,0,0,0,0,0,0,0,0,0,0,0,0,0,0,0,0,0,0,0,0,0,0,0,0,0,0,0,0,0,0,0,0,0,0,0,0,0,0,0,0,0,3.638,3.638,0,0,0,0,0,0,0,0,0,4.759,4.759,0,0,0,0,0,0,0,0,0,0,0,0,0,0,0,0,0,0,0,0,0,0,3.596,3.596,0,0,0,5.055,5.055,0,0,0,0,0,0,0,0,4.547,4.547,0,0,0,0,0,0,0,0,0,0,4.84,4.84,0,0,0,0,0,0,3.634,5.581,0,0,0,0,0,0,0,0,0,0,0,0,0,0,0,0,4.778,4.778,0,0,0,0,0,0,0,0,0,0,0,0,3.708,3.708,0,0,0,0,5.132,5.132,0,0,0,0,0,0,0,0,0,0,0,0,0,0,0,0,0,0,0,0,0,0,0,0,0,0,2.619,2.619,0,0,4.949,4.949,0,0,0,0,0,0,0,0,0,0,0,0,0,0,0,0,0,0,0,0,0,0,0,0,0,0,2.765,2.765,0,0,0,0,0,0,0,0,0,0,0,0,0,0,3.639,3.639,0,0,0,0,0,0,0,3.812,3.812,0,0,0,0,0,2.565,3.406,0,0,0,0,0,0,0,0,0,0,3.27,3.27,0,0,0,0,0,0,0,0,0,0,0,0,0,0,0,0,0,0,0,3.203,3.203,0,0,0,4.614,4.614,0,0,0,0,0,0,0,0,0,0,0,0,4.656,4.656,3.666,3.666,0,0,0,0,0,0,0,0,0,0,0,4.447,4.447,0,0,4.085,4.085,0,0,0,0,0,0,0,0,0,0,0,0,0,0,0,0,0,0,0,0,5.193,5.193,0,0,0,0,0,3.489,5.506,0,0,0,0,0,0,0,0,0,0,0,0,0,0,0,0,0,0,0,0,5.179,5.179,0,0,0,0,4.991,4.991,0,0,0,0,4.672,3.577,0,0,0,0,0,0,0,0,0,0,0,0,0,0,0,3.795,3.795,0,0,0,0,0,0,0,0,0,0,0,0,0,0,0,0,0,0,0,0,0,0,0,0,0,0,0,0,0,0,0,0,0,0,0,0,0,0,0,0,0,0,0,0,0,0,0,0,0,0,0,0,0,0,0,0,0,0,0,0,0,0,0,0,0,0,0,0,0,0,0,0,0,0,0,0,0,0,0,0,0,0,0,0,0,0,0,0,0,0,0,0,0,0,0,0,0,0,0,0,0,0,0,0,0,0,0,0,0,0,0,0,0,0,0,0,0,0,3.689,3.689,0,0,0,0,0,0,0,0,0,0,0,0,0,0,0,0,0,4.784,3.659,0,3.925,3.925,0,0,0,0,0,0,0,0,0,0,0,0,0,0,0,0,0,0,0,0,0,0,0,0,0,0,0,0,0,0,0,0,0,0,0,5.813,5.813,0,0,0,0,0,0,0,4.635,4.635,0,0,0,0,0,0,0,0,0,0,0,0,0,0,0,0,0,0,0,0,0,0,0,0,0,0,0,0,0,0,0,0,0,0,0,0,0,0,0,0,0,0,0,0,0,4.701,4.701,0,3.788,5.075,5.075,0,0,0,0,0,0,0,0,0,0,3.631,3.631,0,4.924,4.924,0,0,0,0,0,0,0,0,0,0,0,0,0,0,0,0,0,0,0,0,0,0,0,0,0,0,0,0,2.759,2.759,0,0,0,0,0,0,0,0,0,0,0,4.843,4.843,0,0,0,0,0,0,0,0,0,0,0,0,0,0,0,0,0,0,0,0,0,0,0,0,0,0,0,0,0,0,0,0,0,0,0,0,0,0,0,0,0,0,0,0,0,0,0,0,0,0,3.636,3.636,0,0,0,0,0,0,0,0,0,3.749,3.749,0,0,0,0,4.973,4.973,0,0,3.923,3.923,0,0,0,0,0,0,0,0,0,0,0,0,0,0,0,0,0,0,0,0,0,0,0,0,0,0,3.59,3.59,0,0,0,0,0,0,0,0,0,0,0,0,0,0,0,0,0,0,0,0,0,0,0,0,0,0,0,0,0,0,0,0,0,0,5.327,5.327,0,0,0,0,0,0,0,0,0,0,0,3.59,4.662,0,0,0,4.872,5.793,0,0,0,0,0,0,0,0,0,0,0,0,0,0,0,0,0,0,0,0,0,0,0,5.029,5.029,0,0,0,0,0
GuestBathHallLights_Re,0,0,0,0,0,0,5.75,5.75,0,0,6.699,5.612,5.612,5.62,5.602,0,0,0,0,0,0,0,0,0,0,0,0,0,0,0,0,0,0,0,0,0,0,0,0,0,0,0,0,0,0,0,0,0,0,0,0,0,0,0,0,0,0,0,0,0,0,0,0,6.831,5.337,5.337,7.409,7.409,0,7.352,6.826,0,0,0,0,0,0,0,0,0,6.938,5.927,0,0,6.709,5.451,5.464,0,7.085,6.007,0,0,0,0,0,0,0,0,0,0,0,0,0,0,0,0,0,0,0,0,6.383,5.254,0,0,42.721,101.192,6.116,0,0,0,0,0,0,0,0,0,0,7.436,7.253,5.819,6.156,5.501,6.779,0,0,7.473,7.594,5.947,5.514,6.634,5.928,5.32,0,0,5.893,6.485,5.654,6.378,5.273,5.261,6.512,6.644,5.229,0,0,0,0,6.647,5.394,6.606,6.497,5.347,5.459,7.116,6.915,5.919,5.731,5.565,0,0,0,0,0,0,0,5.546,5.546,5.9,7.218,6.888,5.515,0,0,0,6.577,5.426,0,5.712,5.685,5.348,5.348,7.222,6.81,0,0,0,6.751,5.737,0,0,6.924,5.827,7.098,6.873,5.6,6.911,5.582,7.077,5.987,6.64,5.585,0,5.576,5.576,5.421,5.421,0,0,0,0,5.835,7.003,7.052,0,0,6.637,5.315,5.349,5.349,0,5.436,6.647,5.544,0,0,0,0,0,0,0,0,0,0,0,6.608,5.702,0,0,0,0,0,0,0,0,0,0,0,0,0,0,0,6.96,6.96,0,0,0,0,0,5.445,5.445,0,0,6.551,5.441,0,0,0,0,0,0,0,0,0,0,7.071,5.544,0,0,5.579,5.576,0,0,0,0,0,0,0,7.014,7.014,0,0,0,0,0,0,0,6.893,5.845,0,6.899,6.768,0,5.39,5.39,0,0,0,0,0,0,0,0,0,0,0,0,0,0,0,0,0,0,0,0,0,0,0,0,0,0,0,0,0,7.084,6.047,0,0,0,0,0,0,0,0,0,0,0,0,0,0,0,0,0,0,0,0,0,0,0,0,0,0,0,0,0,6.745,6.745,0,0,0,0,6.638,6.812,5.525,0,0,0,0,0,0,0,0,0,0,0,0,0,0,0,0,0,0,0,0,0,0,0,0,0,0,0,0,0,0,0,0,0,0,0,0,0,0,0,0,0,0,0,0,0,0,0,0,0,0,0,0,0,0,0,6.732,5.576,0,0,0,0,0,6.608,6.608,0,0,0,0,0,5.982,5.982,0,0,0,0,0,7.057,6.033,0,0,0,0,0,0,0,0,0,0,0,0,0,0,6.728,5.632,0,0,0,0,0,0,0,0,0,0,0,0,0,0,0,6.999,5.982,0,0,0,0,0,0,0,0,0,6.846,5.666,0,0,0,0,0,0,0,0,0,0,0,0,0,0,6.415,6.415,6.803,5.731,0,0,5.86,6.524,0,0,0,7.073,5.996,0,0,0,0,0,0,0,0,0,0,5.622,5.622,0,0,0,0,0,0,0,0,0,0,0,5.744,5.744,6.43,6.43,0,0,6.98,5.893,0,0,0,0,0,0,7.005,5.989,0,0,0,0,5.938,5.938,0,0,0,0,0,0,6.751,5.692,0,0,0,0,0,0,0,0,0,0,0,0,6.849,5.868,0,0,0,0,6.634,5.589,5.589,5.746,5.746,0,0,0,0,0,0,0,5.827,5.827,0,5.441,5.441,0,6.463,5.451,6.604,5.442,5.525,0,0,0,0,0,0,0,0,0,0,0,0,0,0,0,5.333,5.333,0,0,0,0,0,0,0,0,0,0,0,0,68.959,5.894,5.894,0,0,0,0,0,0,0,0,0,7.136,7.136,6.082,0,0,0,0,6.74,5.536,0,6.586,6.454,6.454,0,0,0,0,0,0,0,0,0,0,91.628,153.124,6.551,6.551,0,0,0,0,0,0,0,0,7.12,6.116,0,0,103.363,6.106,6.736,6.736,0,24.358,5.757,6.375,6.375,55.122,5.304,5.265,5.265,0,0,0,0,0,0,0,0,0,0,0,6.569,6.569,0,0,0,0,0,0,0,0,0,0,6.753,6.753,5.528,0,6.5,5.412,0,0,0,0,0,0,0,0,0,0,0,0,6.826,6.826,0,0,6.441,5.435,0,0,0,6.562,5.468,5.497,0,0,0,0,0,0,0,0,0,0,0,0,0,0,0,0,0,0,0,0,5.474,5.474,0,6.352,5.249,0,0,0,0,0,0,0,0,0,0,0,0,0,0,0,0,0,0,0,0,0,0,0,0,0,0,0,0,0,0,0,0,6.617,5.495,0,0,0,0,0,0,0,0,0,0,0,6.26,5.252,0,0,0,0,0,0,0,0,0,0,0,0,6.643,6.643,0,0,0,0,0,0,0,0,0,0,0,0,0,0,0,0,0,0,0,0,0,0,0,0,0,0,0,0,0,0,0,0,0,0,0,0,0,0,0,0,0,0,0,0,0,0,0,0,0,0,0,0,0,0,0,6.931,5.801,0,0,0,0,0,6.65,6.65,0,0,0,0,0,0,25.305,107.233,5.628,0,0,0,0,5.537,5.537,0,0,0,0,0,0,0,0,0,0,0,0,0,0,0,0,0,0,0,0,0,0,0
DiningRoomOutlets_Re,0,0,0,0,0,0,11.95,11.95,0,0,13.391,12.728,12.728,12.947,12.942,12.942,0,13.986,12.886,14.003,14.003,0,0,0,0,0,0,0,0,0,0,0,0,0,0,0,0,0,0,0,0,0,0,12.196,12.121,0,0,0,13.263,12.194,0,0,0,0,0,0,0,12.077,12.07,0,0,12.119,12.119,13.497,13.154,13.153,12.308,13.117,12.135,13.285,12.01,12.082,12.082,0,0,0,12.213,12.213,0,0,11.817,11.817,12.309,12.053,12.397,12.636,13.124,11.827,13.147,12.003,13.412,13.412,12.992,11.967,0,0,0,12.074,12.074,0,0,0,0,0,0,0,0,0,0,0,12.081,12.081,0,13.58,11.982,13.034,11.884,0,0,13.239,11.974,0,0,0,0,0,0,12.401,12.083,12.016,11.934,13.083,12.059,0,0,12.43,12.12,12.176,12.678,12.678,13.511,13.461,12.375,0,11.931,13.207,12.384,13.626,12.084,13.575,12.234,12.095,12.195,0,0,0,0,12.082,12.082,12.065,12.065,12.404,12.138,13.605,11.962,11.915,14.061,12.088,0,0,0,0,0,0,0,11.677,13.352,12.16,13.641,13.645,12.543,13.168,0,13.306,12.046,12.143,12.546,12.01,12.373,12.123,13.338,13.406,13.101,12.329,13.15,13.446,12.229,13.061,13.098,12.075,13.531,12.166,11.941,13.854,13.109,11.964,12.097,13.584,12.957,12.223,12.302,0,0,12.03,12.335,13.175,13.263,13.287,12.14,12.14,12.038,12.038,13.411,13.188,12.081,12.205,13.271,13.349,12.129,12.152,12.185,12.13,13.285,12.01,13.664,13.205,13.122,12.101,0,0,13.583,12.11,13.505,13.173,12.121,13.298,12.356,12.294,13.062,13.379,12.125,12.096,0,0,13.321,13.321,12.251,0,13.406,12.07,12.327,12.327,11.842,0,0,0,0,12.018,12.047,12.111,13.37,12.101,14.247,12.405,0,0,0,0,12.193,12.193,12.126,0,0,0,12.08,12.08,0,0,13.573,12.357,12.11,0,0,0,0,13.185,13.185,12.035,13.256,12.166,0,0,0,12.387,12.387,13.228,13.545,13.308,12.123,12.098,12.124,0,12.203,12.216,12.16,0,13.382,13.442,12.143,0,12.082,12.082,11.971,13.232,13.232,13.058,13.115,12.05,12.25,12.25,13.103,13.123,13.356,13.149,13.149,12.131,12.024,12.087,13.502,12.934,12.039,12.027,13.052,12.025,12.333,13.265,12.262,13.231,13.627,13.373,13.337,12.038,13.288,13.227,13.712,12.099,12.098,13.472,13.412,12.141,13.516,11.967,12.022,13.244,12.105,13.22,13.086,13.16,12.113,0,13.915,12.716,12.101,0,13.158,13.158,12.113,11.904,13.629,0,13.517,12.426,12.304,12.461,12.376,13.278,12.081,0,13.472,12.121,13.954,12.766,12.333,12.22,13.474,0,12.09,12.089,13.205,0,12.221,12.221,13.343,12.067,12.351,12.154,12.164,12.154,12.215,13.327,12.272,12.073,12.36,0,13.413,12.206,13.861,13.121,12.255,12.211,0,0,12.229,12.229,13.105,13.73,13.269,13.375,12.132,12.157,12.378,12.378,12.08,12.217,12.217,12.17,13.324,13.397,12.221,13.855,12.363,12.155,13.587,13.639,13.206,13.733,12.425,13.375,13.168,13.43,13.399,13.399,12.162,12.132,12.366,12.085,12.085,0,0,13.481,13.481,13.15,0,0,0,0,13.283,13.283,0,0,0,0,0,0,13.374,12.384,12.201,12.247,13.163,12.29,0,0,0,0,13.16,13.16,0,12.177,12.177,0,13.285,13.285,13.741,12.282,12.142,12.142,0,12.253,12.964,12.964,0,12.19,12.19,12.173,12.173,12.285,0,13.423,12.253,0,0,12.166,12.319,12.232,12.344,13.683,12.441,13.348,12.097,13.494,13.336,11.959,12.148,13.402,13.196,12.064,13.695,12.213,12.088,13.192,13.261,13.493,13.32,12.321,12.09,12.212,12.212,12.419,0,0,0,0,12.198,12.198,0,13.23,13.23,12.246,12.047,13.097,12.226,12.226,12.097,12.167,12.223,12.221,12.251,13.551,13.551,13.274,12.193,12.108,13.208,13.208,13.205,12.179,0,13.176,13.52,11.948,0,0,0,0,13.911,13.005,13.175,13.21,13.228,0,0,12.372,12.157,12.084,12.158,12.165,0,0,13.337,12.199,12.149,12.19,0,0,13.135,13.414,12.112,13.599,12.338,0,13.117,12.079,13.139,12.225,12.225,0,12.397,12.137,13.2,12.148,12.145,12.117,12.164,13.168,12.164,13.531,12.049,12.204,12.204,12.152,12.386,12.386,13.451,11.98,12.16,13.037,12.013,12.955,13.357,13.357,12.052,13.192,12.183,12.217,13.547,12.081,12.134,0,12.981,13.258,12.363,13.121,12.102,12.055,13.106,13.106,12.014,13.076,13.181,12.94,13.17,12.136,12.104,13.079,12.242,13.179,13.32,0,0,12.238,13.087,12.153,0,13.493,12.14,0,0,13.488,13.34,0,0,0,13.797,13.203,12.141,12.11,0,13.646,12.555,12.116,13.36,13.36,12.122,13.345,12.211,12.211,13.27,13.018,0,0,13.161,13.049,13.244,13.139,13.417,12.278,13.026,12.04,13.248,11.927,12.158,12.158,13.261,13.011,13.705,12.356,12.074,11.906,11.937,13.289,11.901,13.099,11.976,11.958,13.547,12.988,12.084,12.181,13.33,11.999,13.041,0,0,0,0,0,0,12.102,12.16,12.057,12.149,12.149,0,0,11.963,11.963,12.204,12.204,13.092,12.385,0,0,0,12.023,12.104,12.387,13.365,12.139,12.139,0,0,0,0,0,13.116,13.116,0,0,0,0,0,0,13.13,13.13,13.422,12.192,13.079,13.079,0,13.452,12.071,11.979,0,0,0,0,0,12.065,12.065,12.95,12.95,0,0,0,0,0,13.084,13.084,0,13.068,13.068,11.962,12.388,12.105,0,0,0,0,0,0,13.246,12.188,13.037,0,0,0,0,11.963,11.963,13.445,13.196,0,13.312,12.282,13.378,12.122,0,13.581,12.498,0,0,12.073,12.073,0,0,0,0,13.287,12.133,12.506,12.052,0,0,0,0,0,13.686,12.085,0,0,0,0,12.075,12.075,12.058,0,13.5,13.239,13.239,0,0,0,0,11.854,11.854,13.067,13.418,12.352,13.409,12.068,13.122,13.122,11.929,12,0,11.9,13.487,12.136,0,0,0,0,0,0,0,0,0,0,0,0,13.247,13.247,0,12.186,13.172,12.019,13.774,13.24,12.104,13.304,0,13.568,12.198,13.151,13.151,0,13.373,11.995,13.385,12.17,0,13.098,13.098,0,0,0,0,13.413,12.073,12.088,13.407,12.185,11.845,11.845,13.22,12.299,0,0,0,13.298,13.298,12.006,0,12.199,12.285,12.944,13.071,12.344,13.006,13.281,12.047,13,13.087,12.051,12.051,13.571,12.843,12.843,13.017,13.017,0,0,0,0,0,0,13.47,13.47,0,0,0,0,0,13.221,13.221,0,0,0,0,0
OutsideOutlets_Re,0,0,0,0,0,0,0,0,0,0,0,0.813,0.813,0,0,0,0,0,0,0,0,0,0,0,0,0,0,0,0,0,0,0,0,0,1.927,0.797,0,0,0,0,0,0,0,0,0,0,0,0,0,0,0,0,0,0,0,0,0,0,0,0,0,0,0,2.023,2.023,0,0,0,0,0,0,0,0,0,0,0,0,0,0,0,0,0,0,0,0,0,0,0,0,0,0,0,0,0,0,0,0,0,0,0,0,0,0,0,0,0,0,0,0,0,0,0,0,0,0,0,0,0,0,0,0,0,0,0,0,1.818,1.818,0,0,0,0,0,0,0,0,0,0,0,0,0,0,0,0,0,0,0,0,0,0,0,0,0,0,0,0,0,0,0,0,0,1.831,0.777,0,0,0,0,0,0,0,0,0,0,0,0,0,0.788,0.788,0,0,0,0,0,0,0,0,0,0,0,0,0,0,0,0,0,0,1.826,0.79,0,0,0,0,0,0,0,0,0,0,0,0,0,0,0,0,0,0,0,0,0,0,0,0,0,0,0,0,0,0,1.793,0.643,0,0,0,0,0,0,0,0,0,0,0,0,0,0,0,0,0,0,0,0,0,0,0,0,0,0,0,0,0,0,0,0,2.572,2.572,0,0,0,0,0,0,0,0,0,0,0,0,0,0,0,0,0,0,0,0,0,0,0,0,0,0,0,0,0,0,0,0,0,0,0,0,0,0,0,0,0,0,0,0,0,0,0,0,0,0,0,0,0,0,0,0,0,0,0,0,0,0,2.817,2.817,0,0,0,0,0,0,0,0,0,0,0,0,0,0,0,0,0,0,0,0,0,0,0,0,0,0,0,0,0,0,0,2.28,1.183,0,0,0,0,0,0,0,0,0,0,0,0,0,0,0,0,0,0,0,0,0,0,0,0,0,0,0,0,0,0,0,0,1.337,1.337,0,0,0,0,0,0,0,0,0,0,0,0,0,0,0,0,0,0,0,0,0,0,0,0,0,0,0,0,0,0,0,2.102,0.961,0,0,0,0,0,0,0,0,0,0,0,0,0,0,0,0,0,0,0,0,0,0,0,0,0,0,0,0,0,0,0,0,0,0,0,0,0,0,0,0,0,0,0,0,0,0,0,0,0,0,0,0,0,0,0,0,0,0,0,0,0,0,0,0,0,0,0,0,0,0,0,0,0,0,0,0,0,0,0,0,0,0,0,0,0,0,0,0,0,0,0,0,0,0,0,0,0,0,0,0,0,0,0,0,0,0,0,0,0,0,0,0,0,0,0,0,0,0,0,0,0,0,0,0,0,0,0,0,0,0,0,0,0,0,0,0,0,0,0,0,0,0,0,0,0,0,0,0,0,0,0,0,0,0,0,0,0,0,0,0,0,0,0,0,0,0,0,0,0,1.875,0.797,0,0,0,0,0,0,0,0,0,0,0,0,0,0,0,0,0,0,0,0,0,0,0,0,0,0,0,0,0,0,0,0,0,0,0,0,0,0,0,0,0,0,0,0,0,0,0,0,0,0,0,0,0,0,0,0,0,0,0,0,0,0,0,0,0,0,0,0,0,0,0,0,0,0,0,0,0,0,0,0,0,0,0,0,0,0,0,0,0,0,0,0,0,0,0,0,0,0,0,0,0,0,0,0,0,0,0,0,0,0,0,0,0,0,0,0,0,0,0,0,0,0,0,0,0,0,0,0,0,1.858,0.796,0,0,0,0,0,0,0,0,0,0,0,0,0,0,0,0,0,0,0,0,0,0,0,0,0,0,0,0,0,0,0,2.525,1.5,0,0,0,0,0,0,0,0,0,0,0,0,0,0,0,0,0,0,0,0,0,0,0,0,0,0,0,0,0,0,0,0,0,0,0,0,0,0,0,0,0,0,0,0,0,0,0,0,0,0,0,0,0,0,0,0,0,0,0,0,0,0,0,1.876,0.754,0,0,0,0,0,0,0,0,0,0,0,0,0,0,0,0,0,0,0,0,0,0,0,0,0,0,0,0,0,0,0,0,0,0,0,0,0,0,0,0,0,0,0,0,0,0,0,0,0,0,0,0,0,0,0,0,0,0,0,0,0,0,0,0,0,0,0,0,0,0,0,0,0,0,0,0,0,0,0,0,0,0,0,0,0,0,0,0,0,0,0,0,0,0,0,0,1.867,0.714,0,0,0,0,0,0,0,0,0,0,0,0,0,0,0,0,0,0,0,0,0,0,0,0,0,0,0,0,0,0,0,0,0,0,0
CellarLights_Re,0,0,0,0,0,0,0,0,0,0,0,-0.091,-0.091,0,0,0,0,0,0,0,0,0,0,0,0,0,0,0,0,0,0,0,0,0,0,0,0,0,0,0,0,0,0,0,0,0,0,0,0,0,0,0,0,0,0,0,0,0,0,0,0,0,0,0,0,0,0,0,0,0,0,0,0,0,0,0,0,0,0,0,0,0,0,0,0,0,0,0,0,0,0,0,0,0,0,0,0,0,0,0,0,0,0,0,0,0,0,0,0,0,0,0,0,0,0,49.116,-0.024,0,0,0,0,0,0,0,0,0,0,0,0,0,0,0,0,0,0,0,0,0,0,0,0,0,0,0,0,0,0,0,0,0,0,0,0,0,0,0,0,0,0,0,0,0,0,0,0,0,0,0,0,0,0,0,0,0,0,-0.094,-0.094,0,0,0,0,0,0,0,0,0,0,0,0,0,0,0,0,36.021,-0.1,0,0,0,0,0,0,0,0,0,0,0,0,0,0,0,0,0,0,0,0,0,0,0,0,0,0,0,0,0,0,0,0,0,0,0,0,0,0,0,0,0,0,0,0,0,0,0,0,0,0,0,65.333,3.346,-0.035,0,0,0,0,0,0,0,0,0,0,0,0,0,0,0,0,0,0,0,0,0,0,0,0,0,0,0,0,0,0,3.596,-0.095,0,0,0,0,0,0,0,0,0,0,0,0,0,0,0,0,0,0,0,0,0,0,0,0,0,0,0,0,0,0,0,0,0,0,0,0,0,0,0,0,0,0,0,0,9.167,52.224,0.815,0,8.901,2.624,-0.191,0,0,68.26,53.025,0,0,0,0,0,0,0,0,0,0,0,0,0,0,0,0,0,0,0,0,0,0,51.852,51.852,0,0,0,0,0,0,0,0,0,0,0,0,0,0,0,0,0,0,0,0,0,47.43,-0.088,0,0,0,0,0,0,0,0,0,0,0,0,0,0,0,0,0,0,0,0,0,0,0,0,0,0,0,0,0,0,0,0,0,0,0,0,0,0,0,0,0,0,0,0,0,0,0,0,0,0,0,0,0,0,0,0,0,0,0,0,61.978,42.266,-0.155,34.108,19.831,-0.002,0,0,0,0,0,0,0,0,0,0,0,0,0,0,0,0,0,0,0,0,0,0,0,0,0,0,0,0,0,0,0,0,0,0,0,0,0,0,0,0,0,0,0,0,0,0,0,0,0,0,0,0,0,0,0,0,0,0,0,0,0,0,0,0,0,0,0,0,0,13.367,31.456,-0.072,0,0,0,0,0,0,0,0,0,0,0,0,0,0,0,0,0,0,0,0,0,0,0,0,0,0,0,0,0,0,0,0,0,0,0,0,0,0,0,0,0,0,0,0,0,0,0,0,0,0,0,0,0,0,0,0,0,0,0,0,0,0,0,0,0,0,0,0,0,0,0,0,0,0,0,0,0,0,0,0,0,0,0,0,0,0,0,0,0,0,0,0,0,0,0,0,0,0,0,0,0,0,0,0,0,0,0,0,0,0,0,0,0,0,0,0,0,0,0,0,0,0,0,0,0,0,0,0,0,0,0,0,0,0,0,0,0,0,8.669,-0.057,0,0,0,0,0,0,0,0,0,0,0,0,0,0,0,0,0,0,0,0,0,0,0,0,0,0,0,0,0,0,0,0,0,0,0,0,0,0,0,0,0,0,0,0,0,0,0,0,0,0,0,0,0,0,0,0,0,0,19.599,-0.001,0,0,0,0,0,0,0,0,0,0,0,0,0,0,0,0,0,0,0,0,0,0,0,0,0,0,0,0,0,0,0,0,0,0,0,0,0,0,0,0,0,0,0,0,0,0,0,0,0,0,0,0,0,0,0,0,0,0,0,0,0,0,0,0,0,0,0,0,0,0,0,0,0,0,0,0,0,0,0,0,0,0,0,0,0,0,0,0,0,0,0,0,0,0,0,0,0,0,0,0,0,0,0,0,0,0,0,0,0,0,0,0,0,0,0,0,0,0,0,0,0,0,0,0,0,0,0,0,0,0,0,0,0,0,0,0,0,0,0,0,0,0,0,0,0,0,0,0,0,0,0,0,0,0,0,0,0,0,0,0,0,0,0,0,0,0,0,0,0,0,0,0,0,0,0,0,0,0,0,0,0,0,0,0,0,0,0,0,0,0,0,0,0,0,0,0,0,0,0,0,0,0,0,0,0,0,0,0,0,0,0,0,0,0,0,0,0,0,0,0,0,0,0,0,0,0,0,0,0,0,0,0,0,0,0,0,0,0,0
FurnaceHRV_Re,81.429,453.028,53.328,59.253,451.697,461.235,53.559,59.84,455.699,462.469,53.209,425.903,425.903,437.546,440.027,21.358,313.968,485.986,470.352,58.484,464.013,54.593,99.062,460.667,465.372,471.445,472.516,472.532,474.357,474.711,54.103,500.634,433.88,21.246,478.325,434.322,21.49,40.931,438.061,21.631,379.674,426.279,435.454,435.349,215.075,22.352,85.067,432.333,436.329,436.329,126.011,64.857,427.491,131.681,45.866,428.758,303.235,168.019,628.131,616.782,625.008,626.91,620.028,205.998,634.16,461.648,463.92,84.08,613.537,221.572,221.313,611.24,595.337,586.792,180.329,189.457,593.982,590.342,241.954,20.772,433.285,20.792,449.954,324.491,57.441,425.012,21.111,35.122,425.19,21.052,76.827,355.373,20.986,431.574,127.074,20.86,435.758,206.378,76.254,458.004,460.036,54.259,101.122,456.91,465.393,86.598,458.132,461.483,53.305,79.27,456.66,462.906,64.549,423.706,431.51,20.538,23.839,429.087,48.24,73.849,430.662,73.562,20.301,435.139,430.33,436.684,58.037,436.299,432.137,434.248,20.793,81.908,239.259,20.572,451.897,141.463,20.722,437.022,428.228,182.339,55.175,461.579,461.137,53.498,54.038,456.701,461.125,465.781,466.356,466.93,469.407,465.63,465.464,114.323,429.919,20.259,60.471,422.944,0,434.849,434.893,434.249,434.202,433.936,314,72.038,425.879,20.722,0,0,0,0,0,0,0,423.487,423.487,74.331,81.418,429.604,481.378,467.79,467.388,471.052,467.587,470.013,467.887,470.679,52.765,466.312,462.948,52.886,63.203,458.552,463.197,439.035,439.396,439.351,0,0,442.329,238.268,64.204,435.37,21.14,40.339,433.525,21.111,85.738,430.021,408.76,20.885,439.193,435.111,436.366,436.366,0,440.124,438.874,438.519,438.999,20.309,505.618,457.877,53.114,52.553,453.961,462.354,463.585,468.535,468.317,467.561,52.758,111.716,456.117,53.411,439.147,424.17,21.01,434.388,424.48,425.544,437.462,438.107,439.692,440.282,438.822,43.021,435.046,20.455,83.751,426.976,433.351,436.722,436.722,439.006,440.349,440.304,20.414,32.508,432.682,20.493,73.871,457.962,461.401,52.662,457.335,53.371,71.204,454.053,53.758,55.505,453.081,461.988,463.628,470.82,470.985,440.52,441.306,440.98,441.882,49.732,439.167,433.557,20.689,448.902,429.314,20.665,443.053,426.861,433.287,73.072,428.887,346.328,21.408,435.359,425.49,20.966,47.957,430.281,21.012,85.368,427.057,20.994,54.294,456.447,464.792,92.19,453.978,460.719,53,483.043,459.191,466.051,467.615,473.258,471.377,471.081,441.481,20.785,63.957,437.216,20.787,84.914,428.944,354.518,21.269,429.344,599.87,600.223,604.283,603.76,607.426,31.015,469.564,331.391,57.414,431.789,20.87,33.901,426.763,20.983,85.018,365.71,29.669,461.65,455.56,60.555,453.334,461.743,468.402,52.621,68.279,458.502,469.634,470.4,473.144,52.45,470.264,31.363,36.164,436.573,415.666,21.125,438.006,147.569,64.199,432.179,20.971,40.574,428.406,433.25,270.597,43.104,441.569,437.258,441.135,39.565,437.101,20.518,84.334,436.304,439.428,441.828,444.096,47.442,481.505,466.561,476.081,52.871,475.264,634.963,644.334,645.044,635.499,639.564,637.349,223.04,654.423,639.636,601.04,606.967,181.512,215.652,610.446,602.978,608.862,21.566,57.513,441.607,21.483,466.863,438.834,48.911,21.048,457.687,447.328,21.035,80.456,440.939,445.463,67.774,445.921,437.69,21.048,457.086,487.395,54.317,71.949,465.347,473.947,477.479,53.388,467.922,472.929,477.036,53.608,478.237,475.286,54.716,448.38,440.674,21.574,75.208,437.939,438.527,125.189,73.328,442.846,21.001,53.176,435.763,20.869,34.263,431.981,99.892,20.819,458.138,435.722,20.721,370.42,433.366,224.862,61.811,438.849,440.773,21.124,347.106,465.473,472.071,54.351,467.007,471.751,473.383,53.321,464.982,472.055,53.95,60.89,467.382,474.952,43.358,82.767,435.653,151.038,71.809,434.359,373.555,56.459,432.568,442.583,442.887,46.388,439.494,21.215,30.961,432.528,436.172,21.12,83.975,434.785,440.292,75.739,433.656,184.857,21.043,65.341,435.654,20.924,83.577,462.136,468.212,472.547,81.39,465.002,467.32,474.581,53.891,500.988,467.01,472.372,53.971,83.71,433.715,440.754,40.201,440.912,24.889,23.002,435.64,336.184,21.341,467.869,440.694,21.267,59.077,443.915,437.925,21.202,453.961,436.301,21.226,36.89,439.14,439.277,21.078,442.261,435.673,20.915,80.874,464.428,53.859,95.674,462.253,468.338,136.244,90.664,466.676,470.722,53.496,495.597,465.382,53.322,493.08,432.398,21.697,82.438,431.475,63.891,68.805,434.066,255.405,21.239,479.736,428.864,20.68,40.21,595.342,601.057,605.618,606.339,607.351,609.345,182.094,592.166,602.262,606.012,600.728,599.558,601.081,494.265,53.475,478.675,468.064,53.675,103.028,464.592,473.272,54.648,473.112,467.835,54.512,484.354,466.458,475.368,21.926,448.162,438.798,83.595,436.044,0,77.682,21.043,441.308,439.331,20.879,71.373,441.144,440.304,20.374,67.582,438.13,211.686,20.352,438.084,417.658,20.442,43.943,430.481,438.112,22.062,466.055,464.269,53.745,56.254,459.983,469.908,473.665,56.963,469.569,468.638,474.272,475.807,474.351,476.394,26.425,441.272,0,155.314,60.773,434.799,436.057,313.824,57.585,436.729,440.734,73.44,456.014,437.909,445.577,20.833,45.214,447.539,277.075,21.302,447.538,443.393,445.411,32.009,446.827,439.294,21.253,509.898,469.907,476.61,478.205,54.864,485.479,470.808,476.983,478.315,479.013,80.91,468.692,470.325,474.256,20.858,465.693,443.417,441.445,441.445,20.773,66.934,436.02,20.734,52.475,432.697,434.443,443.871,51.517,439.046,432.987,129.613,20.975,453.404,434.444,441.586,21.065,450.946,435.183,20.942,35.742,431.076,470.668,474.867,54.198,468.576,470.308,472.999,53.907,52.897,467.928,468.578,473.917,478.911,52.97,476.955,436.955,443.244,446.227,75.155,444.025,0,362.736,21.148,453.001,435.062,21.074,61.059,430.172,439.969,439.969,0,346.408,31.201,438.621,440.4,440.419,27.942,443.345,0,0,329.501,39.858,468.108,468.292,473.285,473.63,477.112,474.253,136.817,497.774,463.666,471.135,472.116,474.518,477.939,476.489,444.738,21.27,443.731,279.41,279.41,83.758,438.563,319.693,67.806,438.229,423.341,20.567,57.976,434.047,436.629,0,440.952,440.952,0,192.076,20.486,482.555,21.082,40.89,427.981,425.83,453.091,470.467,469.159,472.286,52.657,473.84,458.718,468.584,469.785,61.208,464.68,463.318,468.964,472.511,53.125,439.086,0,0,441.471,441.471,20.513,459.531,434.966,436.713,437.716,66.47,20.384,350.521,432.528,432.528,437.529,442.21,60.805,436.442,154.825,40.105,433.43,428.861,434.415,20.721,46.556,471.043,465.81,65.469,459.135,462.67,468.451,467.818,52.892,469.084,461.761,468.243,469.033,52.683,482.244,461.578,434.535,0,438.109,20.737,457.766,435.399,137.947,20.443,20.767,439.483,434.779,85.333,32.299,437.143,431.849,76.468,427.957,430.339,20.844,83.847,49.842,20.792,446.636,425.692,28.412,36.326,428.082,462.464,53.178,474.171,456.931,465.931,467.949,472.196,79.822,465.155,464.51,467.248,469.457,53.552,99.1,431.511,435.467,180.746,70.143,437.41,21.087,47.019,428.412,20.996,27.496,430.565,112.652,102.538,429.998,311.267,22.094,70.093,426.095,20.574,52.056,428.266,175.148,20.519,444.394,426.597,124.749,58.52,475.948,460.915,53.49,62.745,457.439,462.001,467.505,53.924,478.391,461.992,54.401,456.373,458.755,90.494,429.467,104.902,39.174,422.204,430.014,21.038,463.415,426.97,20.891,76.064,425.039,101.062,63.382,427.725,344.193,45.548,428.969,55.784,20.965,445.825,307.715,20.868,437.542,168.294,20.902,62.91,439.225,54.799
CellarOutlets_Re,0,0,0,0,0,117.329,117.329,0,63.765,10.649,0,122.188,122.188,122.5,122.5,0,0,119.685,119.685,28.374,12.553,0,0,0,0,0,0,0,0,0,0,0,0,0,700.254,136.348,125.35,124.336,124.336,0,0,0,0,305.166,460.735,0,0,441.778,12.58,12.58,0,0,0,0,0,0,0,0,0,0,0,0,0,534.276,139.623,137.663,137.295,137.295,134.791,132.226,132.83,132.111,129.254,127.418,127.108,126.673,126.829,127.582,126.833,0,123.951,123.951,0,0,0,0,0,123.078,123.078,0,0,0,0,0,0,0,0,0,0,0,0,0,0,0,0,0,0,0,0,0,46.568,12.432,0,0,0,0,0,0,0,0,0,0,0,0,0,662.137,135.803,0,0,0,122.067,121.348,121.478,121.478,0,0,0,0,0,0,118.713,118.713,0,0,118.207,118.207,12.459,0,0,0,0,0,0,0,0,0,0,0,0,0,681.827,134.026,134.026,0,0,121.752,121.752,0,0,0,0,0,0,0,0,118.974,118.974,119.268,0,46.303,12.403,0,0,0,0,0,0,0,0,0,0,0,0,0,0,666.368,135.759,124.136,124.129,0,0,0,121.838,121.393,121.393,120.127,120.127,0,0,0,119.756,119.756,0,68.732,12.578,0,0,0,0,0,0,0,0,0,0,0,0,708.451,135.762,0,122.377,122.377,123.151,121.456,121.456,0,0,0,0,0,0,0,0,0,0,117.646,113.036,12.335,0,0,0,0,0,0,0,0,0,0,0,0,0,696.347,133.995,0,0,121.398,121.398,119.956,120.304,0,0,0,118.078,118.078,117.483,117.483,0,0,67.55,10.833,48.256,0,0,0,0,0,0,0,0,0,0,0,0,603.527,168.498,0,154.711,154.657,0,152.889,152.889,0,0,152.626,153.059,152.905,150.411,151.265,151.543,150.276,145.129,43.826,0,0,0,0,0,0,0,0,0,0,42.108,42.108,0,744.437,166.648,162.583,0,150.117,152.476,146.742,146.742,0,145,142.843,0,0,144.917,147.836,142.234,0,0,60.791,34.747,0,0,0,0,0,0,0,0,0,0,0,0,0,724.87,157.829,144.237,144.237,145.035,0,0,0,0,0,0,0,0,0,0,0,140.321,141.715,0,63.398,34.705,0,35.908,43.536,0,0,0,0,0,0,0,0,0,0,648.686,162.42,0,154.525,155.033,155.083,152.371,152.583,152.378,0,0,0,150.474,151.081,0,0,0,0,102.72,43.354,0,0,0,0,0,0,0,0,0,0,0,0,0,752.946,163.797,156.072,154.573,155.368,154.166,153.219,153.672,153.672,152.807,152.351,150.707,150.786,152.143,150.768,149.921,149.464,150.925,0,75.538,43.221,0,0,0,0,0,0,0,0,0,0,0,0,0,338.921,167.065,0,0,153.524,154.675,153.625,153.625,152.902,153.365,151.404,151.404,151.366,151.366,0,0,151.376,151.376,0,140.903,43.971,0,0,0,0,0,0,0,0,0,0,0,0,0,164.507,166.074,0,0,0,152.001,152.001,0,0,0,0,0,0,0,0,0,0,0,0,147.674,42.586,0,0,0,0,0,0,0,0,0,0,0,0,0,0,139.175,160.772,153.587,153.587,151.732,151.347,151.111,0,0,0,0,0,0,0,0,0,0,0,61.137,42.098,0,0,0,0,0,0,0,0,0,0,0,0,0,387.245,161.665,156.553,153.698,153.698,0,0,150.931,150.931,0,0,0,0,0,0,0,0,0,0,51.755,41.119,0,0,0,0,0,0,0,0,0,0,0,0,0,0,164.505,153.908,153.747,152.388,153.252,151.958,151.644,152.779,152.779,150.857,150.857,0,0,0,0,0,0,0,0,52.47,41.073,0,0,0,0,0,0,0,0,0,0,0,0,0,499.358,165.631,152.19,151.758,151.297,150.306,150.118,149.854,148.602,148.602,0,0,0,0,0,0,0,0,71.717,41.699,0,0,0,0,0,0,0,0,0,0,0,0,0,0,266.449,163.594,0,154.558,152.878,152.878,0,0,152.321,152.321,152.97,152.97,152.078,152.078,0,0,0,51.555,43.277,0,0,0,0,0,0,0,0,0,0,0,0,0,329.329,163.837,155.075,155.075,0,0,0,0,0,0,152.212,150.655,150.655,0,0,0,137.454,43.136,0,0,0,0,0,26.257,10.838,0,0,0,0,0,0,676.491,133.157,0,0,0,0,0,120.456,120.456,0,0,0,0,0,0,0,0,0,85.222,10.563,0,0,0,0,0,0,0,0,0,0,0,0,0,718.8,135.201,0,122.266,121.142,121.953,0,0,0,0,0,0,0,0,0,0,0,106.891,10.599,0,0,0,0,0,0,0,0,0,0,0,0,486.071,132.676,130.309,0,0,0,0,0,0,0,118.649,118.649,117.975,117.728,0,0,0,0,114.651,10.772,0,0,0,0,0,0,0,0,0,0,0,0,0,0,690.436,135.358,121.453,121.453,0,0,0,0,0,0,0,0,0,0,0,0,0,100.253,10.653,0,0,0,0,0,0,0,0,0,0,0,0,0,313.51,131.085,135.493,0,121.437,121.437,0,0,0,0,0,0,0,0,0,0,0,0,31.24,10.444,0,0,0,0,0,0,0,0,0,0,0,0,0,457.854,134.672,0,0,0,121.632,121.632,119.729,0,0,0,0,0,359.876,454.08,0,434.354,435.864,401.366,10.59,0,0,0,0,0,0,0,0,0,0,0,0,0,759.626,138.864,138.864,0,135.807,135.807,131.606,130.323,130.03,129.036,128.69,125.155,125.504,124.315,123.735,123.136,0,0,0,0,0,0,120.72,119.744,119.744,0,0,0,0,0,0,0,0,0,0,0,0
WashingMachine_Re,0,0,0,0,0,0,0,0,0,0,0,1.232,1.232,0,0,0,0,0,0,0,0,0,0,0,0,0,0,0,0,0,0,0,0,0,0,0,0,0,0,0,0,0,0,0,0,0,0,0,0,0,0,0,0,0,0,0,0,0,0,0,0,0,0,0,0,0,0,0,0,0,0,0,0,0,0,0,0,0,0,0,0,0,0,0,0,0,0,0,0,0,0,0,0,0,0,0,0,0,0,0,0,0,0,0,0,0,0,0,0,0,0,0,0,0,0,0,0,0,0,0,0,0,0,0,0,0,0,0,0,0,0,0,0,0,0,0,0,0,0,0,0,0,0,0,0,0,0,0,0,0,0,0,0,0,0,0,0,0,0,0,0,0,0,0,0,0,0,0,0,0,0,0,0,0,0,1.201,1.201,0,0,0,0,0,0,0,0,0,0,0,0,0,0,0,0,0,0,0,0,0,0,0,0,0,0,0,0,0,0,0,0,0,0,0,0,0,0,0,0,0,0,0,0,0,0,0,0,0,0,0,0,0,0,0,0,0,0,0,0,0,0,0,0,0,0,0,0,0,0,0,0,0,0,0,0,0,0,0,0,0,0,0,0,0,0,0,0,0,0,0,0,0,0,0,0,0,0,0,0,0,0,0,0,0,0,0,0,0,0,0,0,0,0,0,0,0,0,0,0,0,0,0,0,0,0,0,0,0,0,0,0,0,0,0,0,0,0,0,0,0,0,0,0,0,0,0,0,0,0,0,0,0,0,0,0,0,0,0,0,0,0,0,0,0,0,0,0,0,0,0,0,0,0,0,0,0,0,0,0,0,0,0,0,0,0,0,0,0,0,0,0,0,0,0,0,0,0,0,0,0,0,0,0,0,0,0,0,0,0,0,0,0,0,0,0,0,0,0,0,0,0,0,0,0,0,0,0,0,0,0,0,0,0,0,0,0,0,0,0,0,0,0,0,0,0,0,0,0,0,0,0,0,0,0,0,0,0,0,0,0,0,0,0,0,0,0,0,0,0,0,0,0,0,0,0,0,0,0,0,0,0,0,0,0,0,0,0,0,0,0,0,0,0,0,0,0,0,0,0,0,0,0,0,0,0,0,0,0,0,0,0,0,0,0,0,0,0,0,0,0,0,0,0,0,0,0,0,0,0,0,0,0,0,0,0,0,0,0,0,0,0,0,0,0,0,0,0,0,0,0,0,0,0,0,0,0,0,0,0,0,0,0,0,0,0,0,0,0,0,0,0,0,0,0,0,0,0,0,0,0,0,0,0,0,0,0,0,0,0,0,0,0,0,0,0,0,0,0,0,0,0,0,0,0,0,0,0,0,0,0,0,0,0,0,0,0,0,0,0,0,0,0,0,0,0,0,0,0,0,0,0,0,0,0,0,0,0,0,0,0,0,0,0,0,0,0,0,0,0,0,0,0,0,0,0,0,0,0,0,0,0,0,0,0,0,0,0,0,0,0,0,0,0,0,0,0,0,0,0,0,0,0,0,0,0,0,0,0,0,0,0,0,0,0,0,0,0,0,0,0,0,0,0,0,0,0,0,0,0,0,0,0,0,0,0,0,0,0,0,0,0,0,0,0,0,0,0,0,0,0,0,0,0,0,0,0,0,0,0,0,0,0,0,0,0,0,0,0,0,0,0,0,0,0,0,0,0,0,0,0,0,0,0,0,0,0,0,0,0,0,0,0,0,0,0,0,0,0,0,0,0,0,0,0,0,0,0,0,0,0,0,0,0,0,0,0,0,0,0,0,0,0,0,0,0,0,0,0,0,0,0,0,0,0,0,0,0,0,0,0,0,0,0,0,0,0,0,0,0,0,0,0,0,0,0,0,0,0,0,0,0,0,0,0,0,0,0,0,0,0,0,0,0,0,0,0,0,0,0,0,0,0,0,0,0,0,0,0,0,0,0,0,0,0,0,0,0,0,0,0,0,0,0,0,0,0,0,0,0,0,0,0,0,0,0,0,0,0,0,0,0,0,0,0,0,0,0,0,0,0,0,0,0,0,0,0,0,0,0,0,0,0,0,0,0,0,0,0,0,0,0,0,0,0,0,0,0,0,0,0,0,0,0,0,0,0,0,0,0,0,0,0,0,0,0,0,0,0,0,0,0,0,0,0,0,0,0,0,0,0,0,0,0,0,0,0,0,0,0,0,0,0
FridgeRange_Re,117.683,117.45,119.413,118.629,119.668,117.2,113.747,110.746,107.724,109.63,108.571,117.794,117.794,0,117.755,117.755,109.488,108.031,115.465,110.009,108.777,113.053,111.266,5.58,7.022,5.861,6.232,7.106,5.564,7.149,5.57,5.983,5.362,0,0,0,0,0,0,0,0,0,585.485,116.518,0,0,0,119.21,117.929,109.44,109.44,113.213,113.467,106.817,112.046,5.253,0,7.393,7.393,7,5.719,4.46,5.505,5.409,5.052,5.926,6.969,5.379,6.616,6.466,6.436,5.167,6.676,0,0,565.387,137.644,0,0,0,119.293,117.954,135.745,108.595,129.004,117.69,110.415,117.839,122.36,72.348,4.936,5.396,33.645,5.349,61.403,5.519,0,0,6.796,6.796,5.712,4.796,115.288,121.342,120.091,119.889,120.018,119.657,117.576,119.358,115.464,111.832,113.449,114.115,110.36,109.957,116.489,115.75,0,130.12,107.553,0,0,0,0,0,0,0,0,0,0,0,0,102.049,102.049,0,0,0,0,111.812,112.765,113.801,109.587,106.675,103.937,104.223,103.583,101.145,100.852,99.326,97.933,99.366,98.13,98.183,99.093,0,0,0,0,0,0,99.147,98.451,0,0,0,0,0,0,0,0,0,0,0,0,98.957,98.957,0,0,385.784,460.368,450.475,450.364,446.714,448.28,444.156,450.243,445.991,447.782,447.056,6.661,6.632,6.504,5.733,6.9,5.62,95.848,151.039,0,0,0,0,0,90.779,110.38,0,0,0,0,0,0,132.627,132.627,0,0,115.49,115.89,122.517,121.427,0,112.24,118.346,116.047,113.478,115.838,118.683,111.677,108.348,7.055,5.504,5.986,5.896,5.822,5.831,6.034,6.591,5.776,0,0,0,0,0,0,0,0,885.257,141.104,117.575,0,0,0,0,0,118.818,118.771,110.577,110.577,116.29,115.234,5.112,0,0,5.573,6.958,5.69,6.936,7.029,5.502,5.248,5.861,5.513,6.85,5.796,5.38,7.098,5.406,5.833,5.31,130.284,130.284,0,0,0,0,118.367,118.367,117.219,108.638,114.225,115.486,113.613,5.489,0,0,0,0,0,0,0,0,0,0,0,7.082,5.881,6.02,5.359,6.844,6.514,131.977,120.286,120.93,118.969,119.943,120.978,118.76,116.258,112.663,111.243,111.201,109.396,116.278,1.942,1.942,3.741,4.986,0,0,0,0,0,0,0,0,2.203,2.203,0,0,0,0,0,151.092,136.323,117.104,117.104,118.44,120.035,118.608,117.202,113.11,110.529,110.557,111.414,115.943,111.497,107.56,6.278,5.019,5.442,3.856,0,4.901,4.901,0,0,0,0,0,0,0,0,0,0,0,1031.419,137.779,116.907,0,0,0,0,120.119,119.81,0,148.191,109.245,118.844,120.023,112.254,109.987,5.341,7.046,6.751,5.97,6.062,5.491,6.854,6.598,5.887,6.658,5.814,0,0,0,50.066,121.776,121.036,0,0,0,0,0,0,121.617,119.497,0,0,108.767,108.767,116.142,115.639,4.834,5.687,0,0,0,7.08,5.123,6.198,6.644,4.997,6.561,5.168,6.884,5.623,6.495,6.077,5.479,5.464,6.657,5.514,1012.062,117.767,0,0,0,0,0,0,118.52,117.543,0,109.7,108.686,108.254,108.254,117.184,59.58,5.501,0,0,0,0,0,0,0,0,6.07,6.676,7.04,6.716,6.926,6.32,7.111,5.219,5.723,6.746,5.323,6.813,5.444,140.084,117.449,118.388,0,0,0,0,0,118.355,116.728,0,110.953,110.51,107.517,115.905,114.848,48.991,5.443,0,0,0,0,28.867,5.12,0,0,0,0,5.137,5.433,6.818,6.706,6.534,6.657,6.87,6.78,242.474,118.185,245.69,123.557,125.298,124.069,123.847,212.082,115.418,117.237,124.459,126.25,125.444,126.029,123.686,123.197,123.88,123.88,122.342,0,122.614,120.847,0,112.059,117.407,116.261,0,119.538,118.741,118.938,0,168.294,109.455,7.4,5.88,6.704,5.429,7.069,6.906,5.561,6.858,5.63,7.257,6.601,126.544,120.595,122.679,121.447,120.257,0,0,0,0,0,0,0,0,118.632,187.464,110.875,110.764,109.195,0,86.416,6.096,0,0,0,0,0,0,0,0,0,6.577,5.494,5.539,6.472,5.212,6.665,7.145,144.605,122.248,122.823,124.17,121.197,120.577,122.582,121.465,0,0,0,0,0,119.692,119.692,0,111.304,111.304,109.929,117.135,117.135,117.877,5.564,0,0,0,0,0,0,0,0,0,0,0,6.81,5.352,6.987,5.496,6.818,141.58,122.524,122.991,124.08,124.17,122.256,120.986,121.802,122.551,120.212,119.946,0,0,120.923,120.222,0,0,110.915,109.223,147.367,241.365,116.5,122.055,121.021,5.515,0,0,0,0,0,0,0,0,0,0,6.386,6.895,5.802,6.745,6.853,6.513,5.697,7.24,5.573,125.333,122.874,120.987,120.485,122.54,121.311,118.608,0,0,0,119.089,119.089,117.963,0,110.011,110.011,0,117.696,114.808,116.322,31.67,5.458,6.48,5.612,0,0,0,0,0,122.309,5.48,0,0,5.956,6.16,5.525,7.158,6.891,6.071,5.639,6.857,317.333,117.549,120.843,120.523,120.376,120.791,118.994,0,0,0,119.185,117.549,0,0,110.195,108.919,107.486,116.928,115.666,114.961,5.426,7.36,5.607,5.607,0,0,0,0,0,0,0,0,6.652,5.92,6.886,5.883,6.675,5.843,6.9,5.21,5.998,5.896,5.983,6.901,6.034,5.728,122.093,119.25,0,0,0,0,0,0,0,0,119.716,118.125,0,109.986,109.986,107.375,113.508,115.839,116.511,0,7.992,7.37,5.128,0,0,0,0,6.9,6.866,7.107,5.332,6.723,5.55,7.046,5.317,5.235,6.631,5.162,5.709,6.681,6.626,4.924,4.885,0,0,63.726,136.632,121.024,0,0,0,0,0,0,0,0,119.001,116.623,0,111.254,110.217,106.921,115.116,115.116,117.576,115.866,69.441,6.844,5.669,6.801,6.4,5.256,6.295,5.503,7.156,5.079,5.507,5.906,5.571,5.691,5.259,5.329,6.731,5.109,0,0,0,0,0,0,0,0,1029.08,137.251,118.867,0,0,0,0,0,0,0,0,120.722,118.688,0,109.173,111.021,109.657,115.236,117.05,113.45,110.457,108.05,5.8,7.08,5.902,6.706,5.743,7.195,6.957,5.32,5.098,5.539,5.256,0,0,0,0,0,0,0,0,0,0,0,0,0,0,0,1034.885,117.179,0,0,0,0,0,0,0,0,118.257,115.789,111.467,108.195,109.127,107.41,112.362,114.576,116.537,111.126,107.707,5.109,6,6.692,5.246,5.07,0,0,0,0,0,0,0,0,0,0,0,0,0,0,0,0,0,0,0,0,0,84.371,117.911,116.788,0,119.38,118.28
DisposalDishwasher_Re,4.861,4.9,4.799,6.102,4.908,6.144,4.894,4.936,6.13,4.706,4.923,4.911,4.911,0,0,0,0,5.206,5.206,6.246,5.202,5.932,6.122,4.91,5.277,5.107,6.305,6.177,5.073,6.286,5.066,5.323,5.058,0,0,0,0,0,0,0,0,0,0,0,0,0,0,0,0,0,0,0,0,0,0,0,0,0,5.243,5.162,5.315,5.074,5.137,5.151,5.103,6.219,6.072,5.928,5.971,5.754,4.797,4.703,6.003,0,0,0,0,0,0,0,0,0,0,0,0,0,0,0,0,0,0,0,0,0,0,0,0,0,0,5.127,5.049,4.749,5.918,4.874,6.174,6.069,6.152,4.958,5.982,5.899,4.913,6.113,4.936,4.774,0,0,0,0,0,0,0,0,0,0,0,0,0,0,0,0,0,0,0,0,0,0,0,0,0,0,6.217,5.914,6.017,5.146,6.045,6.075,5.104,5.06,6.058,5.042,4.834,5.028,4.918,6.015,4.723,0,0,0,0,0,0,0,0,0,0,0,0,0,0,0,0,0,0,0,0,4.731,4.731,0,0,0,0,5.008,6.117,4.856,6.022,5.086,6.079,5.9,4.913,6.183,6.247,5.913,6.129,5.178,4.845,5.197,0,0,0,0,0,0,0,0,0,0,0,0,0,0,0,0,0,0,0,0,0,0,0,0,0,4.974,6.102,6.081,6.186,5.103,4.826,4.927,6.052,4.82,6.129,6.065,5.059,5.992,6.115,4.868,5.734,0,0,0,0,0,0,0,0,0,0,0,0,0,0,0,0,0,0,0,0,0,0,0,0,0,4.994,5.211,6.045,4.946,5.076,4.982,5.815,5.979,6.017,6.153,4.921,4.814,6.203,6.17,4.997,4.829,0,0,0,0,0,0,0,0,0,0,0,0,0,0,0,0,0,0,0,0,0,0,0,0,0,6.229,6.096,6.203,5.179,5.951,6.029,5.997,4.741,6.041,6.066,6.167,6.1,6.198,5.922,5.052,5.005,0,0,12.814,81.008,1536.648,1538.583,180.11,179.172,179.454,156.716,95.06,173.567,0,127.108,31.05,171.637,1522.216,1510.004,1524.58,1506.719,1513.323,1521.186,1516.316,1523.192,1510.233,173.7,176.472,174.517,176.288,175.07,176.077,176.761,176.375,175.962,176.856,9.38,175.448,176.886,175.617,8.173,1530.659,1522.659,1528.207,182.865,174.71,0,152.976,4.647,0,0,0,0,0,0,0,0,0,0,0,0,0,0,0,0,0,0,5.009,5.212,5.143,4.953,6.02,4.838,4.829,4.928,5.933,6.033,4.872,4.927,4.634,6.145,5.941,5.969,0,0,0,0,0,0,0,0,0,0,0,0,0,0,0,0,0,0,0,0,0,0,0,0,0,5.974,4.516,4.379,4.693,5.599,4.887,4.367,5.923,4.536,5.829,4.372,4.66,4.548,5.831,5.598,5.885,0,0,0,0,0,0,0,0,0,0,0,0,0,0,0,0,0,0,0,0,0,0,0,0,0,5.189,6.247,5.119,4.809,6.102,4.893,6.202,4.692,4.901,4.902,4.76,6.165,6.011,5.99,5.919,4.885,0,0,0,0,0,0,0,0,0,0,0,0,0,0,0,0,0,0,0,0,0,0,0,0,0,4.784,4.804,4.942,6.084,6.065,4.821,6.188,6.158,4.883,4.868,5.835,4.821,6.141,4.859,4.941,5.832,7.728,7.742,5.252,4.858,0,0,0,0,0,0,0,0,0,0,0,0,0,0,0,0,0,0,0,0,0,6.372,6.123,4.773,6.101,6.145,5.963,4.932,4.743,4.966,5.149,5.776,5.124,6.091,6.156,6.046,4.939,0,0,0,0,0,0,0,0,0,0,0,0,0,0,0,0,0,0,0,0,0,0,0,0,0,5.004,5.925,5.068,5.682,4.724,6.041,6.134,6.263,4.961,6.06,6.218,6.025,5.986,6.24,6.062,0,0,0,0,0,0,0,0,0,0,0,0,0,0,0,0,0,0,0,0,0,0,0,0,0,0,4.826,4.883,5.87,4.742,5.846,5.864,4.722,4.722,5.804,4.7,4.638,4.918,5.748,5.859,4.569,4.569,0,0,0,0,0,0,0,0,0,0,0,0,0,0,0,0,0,0,0,0,0,0,0,0,5.603,4.873,4.885,4.655,5.785,4.708,4.894,6.005,4.775,5.798,5.224,6.048,4.917,6.002,6.071,4.636,0,0,0,0,0,0,0,0,0,0,0,0,0,0,0,0,0,0,0,0,0,0,0,0,0,0,4.808,4.699,5.027,5.083,6.219,4.84,5.008,4.943,4.81,6.191,5.88,4.971,6.125,6.169,5.183,0,0,0,0,0,0,0,0,0,0,0,0,0,0,0,0,0,0,0,0,0,0,0,0,0,0,4.967,5.043,6.159,6.044,6.223,6.117,4.747,6.11,5.879,5.957,4.888,4.985,4.865,6.053,5.122,0,0,0,0,0,0,0,0,0,0,0,0,0,0,0,0,0,0,0,0,0,0,0,0,0,0,4.819,6.068,4.63,5.808,4.88,5.983,4.801,4.806,5.923,6.065,6.003,4.634,4.858,5.641,4.741,0,0,0,0,0,0,0,0,0,0,0,0,0,0,0,0,0,0,0,0,0,0,0,0,0,5.723,4.947,4.847,4.747,5.812,5.035,6.075,4.612,6.069,6.07,4.889,4.982,4.654,5.045,5.896,4.677,0,0,0,0,0,0,0,0,0,0,0,0,0,0,0,0,0,0,0,0,0,0,0,0,0,5.948,6.088,6.046,6.187,5.036,6.036,6.207,6.088,6.076,6.123,6.153,4.702,4.94,4.783,6.002,4.705,0,0,0,0,0,0,0,0,0,0,0,0,0,0,0,0,0,0,0,0,0,0,0,0,0,6.087,5.018,6.007,5.08,5.028,4.713,5.957,6.081,4.784,4.721,6.042,4.956,6.044,6.126,4.905,4.868,0,0,0,0,0,0,0,0,0,0,0,0,0,0,0,0,0,0,0,0,0,0,0,0,0,0,6.009
Microwave_Re,0,0,0,0,0,0,0,0,0,0,0,3.549,3.549,0,0,0,0,0,0,0,0,0,0,0,0,0,0,0,0,0,0,0,0,0,0,0,0,0,0,0,0,0,0,0,0,0,0,0,0,0,0,0,0,0,0,0,0,0,0,0,0,0,0,0,0,0,0,0,0,0,0,0,0,0,0,0,0,0,0,0,0,0,0,0,0,0,0,0,0,0,0,0,0,0,0,0,0,0,0,0,0,0,0,0,0,0,0,0,0,0,0,0,0,0,0,0,0,0,0,0,0,0,0,0,0,0,0,0,0,0,0,0,0,0,0,0,0,0,0,0,0,0,0,0,0,0,0,0,0,0,0,0,0,0,0,0,0,0,0,0,0,0,0,0,0,0,0,0,0,0,0,0,0,0,0,3.517,3.517,0,0,0,0,0,0,0,0,0,0,0,0,0,0,0,0,0,0,0,0,0,0,0,0,0,0,0,0,0,0,0,0,0,0,0,0,0,0,0,0,0,0,0,0,0,0,0,0,0,0,0,0,0,0,0,0,0,0,0,0,0,0,0,0,0,0,0,0,0,0,0,0,0,0,0,0,0,0,0,0,0,0,0,0,0,0,0,0,0,0,0,0,0,0,0,0,0,0,0,0,0,0,0,0,0,0,0,0,0,0,0,0,0,0,0,0,0,0,0,0,0,0,0,0,0,0,0,0,0,0,0,0,0,0,0,0,0,0,0,0,0,0,0,0,0,1.585,1.585,0,0,0,0,0,0,0,0,0,0,1.556,1.556,0,0,0,0,0,0,0,2.967,2.967,0,0,0,0,0,0,0,0,0,0,0,0,0,1.498,1.498,0,3.241,3.241,0,0,0,0,0,0,0,0,0,0,0,0,0,0,0,0,0,0,0,0,0,0,0,0,0,0,0,0,0,0,0,0,0,0,0,0,0,0,0,0,0,0,0,0,0,0,0,0,0,0,0,0,0,0,0,0,0,0,0,0,0,0,0,0,0,0,0,0,0,0,0,0,0,0,0,0,0,0,0,0,0,0,0,0,0,0,0,0,0,0,0,0,0,0,0,0,0,0,0,0,0,0,0,0,0,0,0,0,0,0,0,0,0,0,0,0,0,0,0,0,0,0,0,0,0,0,0,0,0,0,0,0,0,0,0,0,0,0,0,0,0,0,0,0,0,0,0,0,0,0,0,0,0,0,0,0,0,0,0,0,0,16.968,37.453,3.827,36.428,3.537,0,0,0,0,0,0,0,0,0,0,0,0,0,0,0,0,0,0,0,0,0,0,0,0,0,0,0,0,0,0,0,0,0,0,0,0,0,0,0,0,0,0,0,0,0,0,0,0,0,0,0,0,0,0,0,0,0,0,0,0,0,0,0,0,0,0,0,0,0,0,0,0,0,0,0,0,0,0,0,0,0,0,0,0,0,0,0,0,0,0,0,0,0,0,0,0,0,0,0,0,0,0,0,0,0,0,0,0,0,0,0,0,0,0,0,0,0,0,0,0,0,0,0,0,0,0,0,0,0,0,0,0,0,0,0,0,0,0,0,0,0,0,0,0,0,0,0,0,0,0,0,0,0,0,0,0,0,0,0,0,0,0,0,0,0,0,0,0,0,0,0,0,0,0,0,0,0,0,0,0,0,0,0,0,0,0,0,0,0,0,0,0,0,0,0,0,0,0,0,0,0,0,0,0,0,0,0,0,0,0,0,0,0,0,0,0,0,0,0,0,0,0,0,0,0,0,0,0,0,0,0,0,0,0,0,0,0,0,0,0,0,0,0,0,0,0,0,0,0,0,0,0,0,0,0,0,0,0,0,0,0,0,0,0,0,0,0,0,0,0,0,0,0,0,0,0,0,0,0,0,0,0,0,0,0,0,0,0,0,0,0,0,0,0,0,0,0,0,0,0,0,0,0,0,0,0,0,0,0,0,0,0,0,0,0,0,0,0,0,0,0,0,0,0,0,0,0,0,0,0,0,0,0,0,0,0,0,0,0,0,0,0,0,0,0,0,0,0,0,0,0,0,0,0,0,0,0,0,0,0,0,0,0,0,0,0,0,0,0,0,0,0,0,0,0,0,0,0,0,0,0,0,0,0,0,0,0,0,0,0,0,0,0,0,0,0,0,0,0,0,0,0,0,0,0,0,0,0,0,0,0,0,0,0,0,0,0,0,0,0,0,0,0,0,0,0,0,0,0,0,0
KitchenLights_Re,3.173,2.171,2.025,3.064,2.042,2.116,3.18,3.176,2.018,3.029,0,3.368,3.368,0,0,0,0,0,2.222,2.202,3.494,3.432,3.305,3.602,3.532,3.656,3.667,2.562,3.585,2.547,3.627,3.582,3.582,0,0,0,0,0,0,0,0,0,2.364,2.364,0,0,0,0,0,0,0,0,0,0,0,0,0,0,3.549,2.441,3.8,2.658,1.694,1.734,2.706,2.394,3.539,2.482,2.398,3.423,3.505,3.503,2.373,0,0,2.324,3.385,0,0,0,0,0,0,5.107,5.107,3.222,3.222,0,3.274,131.433,0,0,0,21.878,3.604,0,0,0,0,0,3.48,2.358,3.226,3.164,3.331,2.168,2.091,2.248,2.365,2.266,2.154,3.29,3.249,2.184,0,0,0,0,0,0,0,0,0,0,0,0,0,0,0,0,0,0,0,0,0,0,0,0,0,0,2.518,2.219,2.122,3.164,3.807,2.342,3.639,3.533,3.577,3.345,3.587,3.197,3.304,3.231,3.301,0,0,0,0,0,0,0,0,0,0,0,0,0,0,0,0,0,0,0,0,3.271,3.271,0,0,2.73,2.73,2.548,2.422,2.73,1.422,2.753,1.75,2.54,2.76,2.547,2.387,2.509,2.645,3.464,3.448,2.495,1.335,3.088,0,0,0,0,0,0,0,0,0,0,0,0,0,0,0,0,0,0,0,0,0,0,0,0,3.425,3.309,2.264,3.322,2.245,3.303,3.484,2.449,3.784,3.92,3.591,2.647,2.503,2.362,3.767,0,0,0,0,0,0,0,0,1.651,3.146,0,0,0,0,0,0,0,0,0,0,0,0,0,0,0,0,0,3.499,3.588,2.48,2.465,3.565,3.639,2.534,3.509,3.531,2.531,2.513,3.59,2.466,1.798,3.356,0,0,0,0,0,0,0,0,0,0,0,0,0,0,0,0,0,0,0,0,0,0,0,0,2.452,2.452,2.594,4.041,2.603,2.488,3.451,2.233,2.387,3.329,3.514,2.186,2.234,3.476,2.277,3.3,0,0,0,0,0,0,0,0,0,0,0,0,0,0,0,0,0,0,0,0,0,0,1.309,3.033,0,2.356,3.201,3.298,3.314,3.314,2.264,3.627,3.586,2.245,3.491,3.307,2.207,2.557,2.744,3.497,2.176,0,0,0,0,0,0,0,0,0,0,0,0,0,0,1.267,3.348,0,4.374,4.374,0,0,0,0,0,0,3.338,3.293,2.257,2.406,3.544,3.641,3.631,2.468,2.672,3.713,3.748,2.617,3.42,3.636,2.515,0,0,0,0,2.009,3.092,0,0,0,0,0,0,0,0,0,0,0,0,0,0,0,0,0,0,0,0,2.405,3.543,2.42,3.521,2.435,2.403,3.588,2.413,2.531,2.442,3.596,3.58,3.55,2.478,2.552,1.406,3.595,0,0,0,0,0,0,0,0,0,0,0,0,0,0,0,0,0,0,0,0,0,0,0,0,3.575,3.529,3.584,3.561,2.536,3.5,2.49,3.664,3.626,3.019,3.582,3.677,3.641,2.274,2.344,2.24,0,0,0,0,0,0,0,0,0,0,0,0,0,0,0,0,0,0,0,0,0,0,0,0,0,3.523,2.453,3.504,2.59,3.471,3.765,2.451,3.605,2.984,3.383,2.04,3.653,3.313,1.998,2.515,0,0,2.551,2.551,0,0,0,0,0,0,0,0,0,0,0,0,0,0,0,0,0,0,0,0,0,0,2.422,3.525,2.563,3.522,3.508,3.593,2.517,2.529,3.79,3.533,3.675,3.225,3.291,2.393,2.272,2.249,0,0,0,0,0,0,0,0,0,0,0,0,0,0,0,0,0,0,0,0,0,0,0,0,0,2.572,2.572,3.695,3.596,2.571,2.669,3.837,3.336,2.465,3.413,3.367,3.361,3.4,3.513,2.549,0,0,0,0,0,0,0,0,0,0,0,0,0,0,0,0,0,0,0,0,0,0,0,0,0,0,3.544,3.666,128.021,127.979,128.307,127.081,127.711,127.711,128.343,128.343,0,0,0,0,0,0,0,0,0,0,0,0,0,0,0,0,0,0,0,0,0,0,0,0,0,0,0,0,0,0,0,0,0,133.288,132.166,131.343,132.466,133.072,79.71,2.279,3.153,3.334,2.226,3.197,3.265,3.233,0,0,0,0,77.182,3.431,0,0,0,0,0,0,0,0,0,0,127.532,132.316,0,154.282,337.832,132.454,132.752,157.725,131.994,3.644,3.664,2.506,2.509,3.572,3.746,2.468,2.438,2.6,0.881,3.317,3.254,3.225,3.618,2.252,2.2,0,0,0,0,0,0,0,0,0,0,0,0,0,0,0,0,0,0,0,0,0,0,0,0,0,0,2.422,2.52,3.459,3.56,2.505,2.48,3.647,3.65,2.44,3.497,2.405,2.597,3.489,3.303,3.384,0,0,0,0,0,0,0,0,0,0,0,0,0,0,0,0,0,0,0,0,0,0,0,0,0,0,2.435,2.469,3.574,2.419,2.4,3.551,2.477,3.52,3.668,2.491,2.514,3.604,2.53,3.789,3.609,0,0,1.372,3.393,0,0,0,0,0,0,0,0,0,0,0,0,0,0,0,0,0,0,0,0,0,0,2.512,3.484,3.521,3.493,2.426,2.4,2.663,2.541,3.475,3.526,3.538,3.568,3.582,2.569,2.513,0,0,0,0,0,0,0,0,1.231,3.398,0,0,0,0,0,0,0,0,0,0,0,0,0,0,0,2.369,2.176,2.295,2.2,2.178,2.473,2.539,2.446,2.481,2.507,3.43,3.649,3.648,2.495,2.539,2.685,0,0,0,0,0,0,0,0,0,0,0,0,0,0,0,1.272,3.346,0,0,0,0,0,0,0,0,2.167,3.263,3.396,2.196,2.419,2.197,2.205,3.216,2.234,2.151,2.302,2.55,3.62,3.481,3.619,2.321,0,0,0,0,0,0,0,0,0,0,0,0,0,0,0,0,0,0,0,0,0,1.201,3.137,0,0,0,0
BedroomOutlets_Re,0,0,0,0,21.901,21.901,21.255,22.478,21.171,21.17,22.491,21.612,22.748,23.895,21.537,21.513,0,0,0,22.791,22.791,0,0,0,0,0,0,0,0,0,0,0,0,0,23.332,21.674,0,0,0,0,0,0,0,23.511,21.501,0,0,22.952,22.591,22.536,0,0,0,0,0,0,0,22.902,21.578,0,23.343,21.326,21.255,23.18,22.993,20.996,22.124,14.234,13.961,25.272,25.093,27.895,38.567,0,0,0,38.107,36.671,38.23,36.683,0,38.007,38.512,36.936,36.253,14.991,15.351,14.12,16.499,14.164,16.085,16.085,14.019,0,14.87,14.87,0,15.645,13.948,0,0,0,0,0,0,0,0,0,0,0,15.868,13.603,0,0,14.79,13.857,0,0,0,0,0,0,0,0,0,15.614,13.816,15.466,13.832,15.496,14.42,13.877,15.068,14.884,0,15.065,14.149,15.526,15.735,14.082,14.661,13.963,14.889,13.714,14.618,15.305,13.483,13.904,14.901,14.71,15.727,13.654,13.472,0,0,0,0,15.64,13.588,13.627,15.355,13.676,13.707,14.934,13.562,14.547,13.738,13.875,0,0,0,0,0,0,0,14.009,14.009,14.084,17.051,15.385,14.113,15.563,13.939,14.234,14.555,14.103,13.82,15.846,15.614,13.779,15.398,14.976,13.676,15.408,13.575,15.223,13.89,15.142,0,0,16.853,14.688,16.782,14.823,13.953,13.997,13.981,15.364,14.053,13.934,13.989,0,15.605,13.866,13.972,0,15.596,14.006,15.189,13.889,16.583,14.369,14.717,13.623,15.388,13.866,13.507,15.612,13.499,14.561,15.033,13.202,13.314,13.112,13.006,0,0,15.132,13.951,15.354,13.663,13.591,15.256,13.608,13.684,15.365,15.914,15.03,14.322,15.017,13.887,13.887,0,0,15.851,14.181,0,13.913,13.913,0,15.139,13.992,13.811,0,0,0,0,15.547,14.129,13.929,0,0,15.765,13.728,0,0,0,0,15.526,13.956,13.964,0,0,15.072,13.971,14.811,13.921,0,16.677,13.945,13.873,0,0,14.973,14.973,13.945,15.754,14.01,13.984,0,0,0,0,0,14.927,13.66,14.862,13.721,16.043,15.104,13.881,13.95,15.952,13.984,0,0,0,0,0,0,13.901,13.901,0,0,0,14.97,15.586,14.317,0,0,0,0,0,0,16.099,14.628,14.549,14.56,14.569,15.942,15.942,0,0,16.388,14.06,15.01,13.888,13.716,15.128,13.867,16.086,13.648,15.185,13.691,15.379,13.664,13.679,15.388,16.557,14.926,0,0,0,15.482,14.014,0,15.563,14.004,0,0,15.225,15.225,0,15.353,13.962,15.001,14.09,14.09,14.731,0,15.429,16.638,13.988,15.743,15.745,14.026,14.026,15.418,13.736,13.827,15.173,13.885,16.04,14.247,14.076,14.403,0,15.013,15.013,0,15.298,14.257,16.279,14.949,15.212,14.497,15.601,14.907,0,16.107,14.389,14.463,14.378,16.27,14.33,0,16.186,14.45,15.434,12.031,12.025,0,0,12.031,11.863,13.521,11.874,12.709,11.539,11.775,0,11.743,11.743,13.084,11.637,0,0,13.581,11.715,13.402,11.726,14.581,15.379,14.223,15.871,15.441,14.107,14.107,15.856,14.199,0,0,16.604,14.017,15.8,15.303,14.177,15.544,14.035,16.081,14.071,0,0,0,0,0,15.446,14.132,0,0,0,0,0,13.975,14.166,15.031,13.82,0,15.587,14.764,14.764,0,0,0,0,0,0,15.649,14.034,0,0,0,15.817,15.42,15.087,14.108,15.029,13.918,0,0,15.442,15.889,14.041,15.625,13.964,0,0,0,0,0,0,0,15.517,13.665,14.999,14.999,15.308,13.889,0,15.748,13.947,13.808,13.745,0,0,15.98,13.9,14.207,14.332,15.385,14.055,13.962,0,15.987,14.032,0,16.132,14.066,0,0,0,0,16.917,14.048,0,0,15.845,14.031,15.738,14.049,15.413,13.903,0,13.648,13.648,15.735,13.855,15.313,14.204,13.633,0,15.905,13.797,0,0,0,0,0,0,15.153,15.153,0,0,0,19.065,31.741,41.361,0,0,36.65,36.65,36.715,38.304,38.341,37.612,36.448,36.445,0,0,0,37.091,37.091,0,0,37.96,36.093,37.846,39.302,36.415,36.607,38.913,38.913,36.573,39.133,36.554,36.625,39.221,37.292,0,0,0,0,38.332,36.663,0,38.087,36.466,37.806,38,36.268,0,38.042,36.295,37.178,36.269,36.326,36.335,0,37.618,36.285,37.841,37.841,37.333,36.145,0,0,0,36.892,36.892,37.759,35.832,37.93,35.73,37.013,35.742,35.742,0,0,36.48,36.374,36.169,31.834,30.655,21.634,22.585,24.666,21.688,21.611,21.541,21.541,0,23.15,21.564,23.556,23.685,22.152,0,23.519,23.519,21.571,0,0,0,0,23.446,21.635,0,22.427,22.56,21.384,22.659,21.384,21.074,0,0,0,0,0,22.506,21.331,0,22.755,21.518,21.382,0,22.847,22.858,23.082,22.388,0,22.618,22.618,23.349,21.397,0,0,23.189,24.167,21.427,21.627,0,22.637,21.476,23.314,21.085,23.256,21.176,23.093,22.735,21.099,21.048,0,0,0,0,0,0,22.713,21.323,21.44,22.712,21.427,0,0,0,21.48,21.48,0,0,0,0,22.439,22.439,23.937,21.387,22.651,22.948,21.333,0,0,0,0,0,0,0,0,0,0,0,0,22.867,21.087,0,0,22.583,20.977,20.977,0,0,21.347,21.324,21.316,0,0,0,0,0,21.316,21.316,0,0,0,0,0,0,0,0,23.091,21.374,22.982,21.203,21.246,23.165,21.153,22.555,22.555,20.636,0,0,0,21.59,22.199,20.775,20.899,0,0,22.122,21.084,21.074,22.748,22.279,21.094,21.094,0,22.918,21.296,0,0,21.147,21.147,0,0,0,0,0,21.345,21.345,0,0,22.854,21.23,21.192,21.192,0,0,0,0,22.309,20.811,0,0,0,22.664,21.016,20.644,21.793,20.739,20.975,20.861,0,0,0,0,21.207,21.207,0,22.88,21.34,0,0,0,0,0,0,0,0,0,21.249,21.249,0,0,0,0,21.202,21.202,22.275,21.19,22.577,20.88,0,20.948,20.948,0,0,22.149,20.995,0,22.422,21.12,0,22.766,21.191,21.317,0,0,22.863,21.436,0,0,22.496,21.409,0,0,22.37,21.203,0,0,21.291,21.26,21.26,23.122,21.305,0,23.049,21.358,21.635,21.345,21.345,0,0,23.244,21.141,0,22.853,20.928,0,0,22.95,20.95,20.898,22.291,21.117,22.875,22.657,21.291,22.715,22.96,21.216,21.384,21.185,0,0,0,21.332,21.332,0,0,0,0,0,0,0,0,0,0,0,0,0,0,21.033
BedroomLights_Re,0,0,0,0,0,0,0,0,4.761,4.761,0,4.715,4.715,4.693,4.693,0,0,0,0,0,0,0,0,0,0,0,0,0,0,0,0,0,0,0,0,0,0,0,0,0,0,0,0,5.693,5.693,0,0,0,0,0,0,0,0,0,0,0,0,0,0,0,0,0,0,5.962,4.799,0,45.96,105.119,104.363,103.756,105.08,105.08,0,0,0,0,86.653,4.736,0,0,0,0,0,0,0,0,0,0,5.736,4.624,0,0,0,0,0,0,0,0,0,0,0,0,0,0,0,0,0,0,0,0,0,0,0,0,0,0,0,0,0,0,0,0,0,0,0,4.602,4.602,4.685,4.685,0,4.616,4.608,4.619,0,0,0,0,0,0,0,0,0,0,0,0,0,5.827,4.672,4.8,5.895,5.678,4.669,4.669,0,0,0,0,0,0,0,4.518,4.546,5.677,4.546,4.546,5.696,4.631,4.627,0,0,0,0,0,0,0,110.925,110.925,111.768,110.683,112.147,110.919,0,0,0,110.307,110.551,5.855,5.793,4.645,0,0,0,5.678,5.678,0,6.052,4.725,4.636,0,0,5.62,5.62,0,4.722,4.722,0,0,0,0,0,0,0,0,5.919,4.671,0,0,0,0,0,0,4.771,4.771,0,0,0,0,4.871,4.871,0,0,0,0,61.299,4.647,0,0,0,0,0,0,0,0,0,0,0,6.069,4.684,0,0,0,0,0,0,0,0,0,0,0,0,4.604,4.604,4.65,0,0,0,0,0,5.812,4.672,0,0,0,0,0,0,0,0,0,4.598,4.598,0,0,0,5.729,4.702,0,0,0,0,0,0,0,5.987,4.88,0,0,0,0,0,0,0,0,0,0,0,0,0,0,0,0,0,0,0,0,0,0,0,0,0,0,0,0,0,0,0,0,0,0,0,0,0,0,0,4.853,4.853,0,0,0,4.793,4.793,0,0,0,0,0,0,0,0,0,0,0,0,0,0,4.576,4.576,5.657,4.838,4.838,0,0,0,0,0,0,0,0,0,0,0,0,0,0,0,0,0,6.117,4.736,0,0,0,0,0,0,0,0,0,0,0,28.36,106.716,106.116,106.878,107.429,106.708,106.831,106.831,0,0,0,0,55.941,5.584,0,0,74.005,108.068,0,0,0,0,0,0,0,0,0,0,253.818,365.608,363.547,364.615,364.697,0,363.899,260.279,264.324,280.233,281.178,281.648,281.828,280.284,281.322,282.105,280.049,280.869,261.261,261.784,262.079,262.601,263.925,259.657,4.751,0,0,0,0,82.5,49.623,39.184,4.688,0,0,0,0,0,0,0,0,6.072,4.747,0,0,0,0,0,0,0,0,0,0,0,0,0,0,0,0,0,4.808,4.808,0,0,0,0,0,0,0,5.656,5.656,0,0,0,0,0,0,0,0,0,0,0,0,0,0,0,0,0,0,0,0,0,0,0,6.012,6.012,0,0,0,0,0,0,0,0,0,0,0,0,0,0,0,0,0,0,0,0,0,0,0,0,0,0,0,0,0,0,0,0,5.88,5.88,0,0,0,0,0,0,5.837,5.837,0,0,0,0,0,4.781,4.781,0,0,0,0,0,0,0,0,0,0,0,0,106.761,104.871,0,0,0,105.588,105.588,0,0,0,0,0,0,0,0,0,0,0,0,33.45,4.915,0,5.81,4.777,0,0,0,0,0,0,0,0,0,0,0,0,0,0,0,0,6.073,4.699,0,0,0,0,0,0,0,0,0,0,0,0,0,0,0,0,0,0,0,0,0,0,0,0,0,0,0,0,0,0,34.238,63.695,16.773,5.466,0,0,0,0,0,0,0,0,0,0,0,0,0,6.057,6.057,0,0,0,0,0,0,0,0,0,0,0,0,0,0,0,0,0,0,0,0,0,0,0,0,0,0,0,0,0,0,5.914,5.914,0,0,0,0,0,0,0,0,0,0,0,0,0,61.574,64.199,0,50.989,5.08,0,19.302,5.707,0,0,0,0,0,0,0,0,0,0,0,0,0,0,0,0,0,0,0,0,0,0,0,0,0,0,5.91,4.91,0,0,0,0,0,0,0,0,0,0,0,0,0,0,0,0,0,0,0,0,0,0,0,0,0,0,0,0,0,0,0,0,0,0,0,0,0,0,0,0,0,0,0,0,6.077,6.077,4.697,0,0,0,0,0,0,4.651,4.651,0,0,0,0,0,0,0,5.888,4.887,0,0,0,0,0,0,0,0,0,0,0,0,0,0,0,0,0,0,0,0,0,0,0,0,0,0,0,0,0,0,0,6.009,4.738,4.738,0,0,0,0,0,0,0,0,0,0,0,0,0,0,0,0,0,0,0,0,0,0,0,0,0,0,0,0,0,0,4.662,4.662,0,0,0,0,0,0,0,0,0,0,0,0,0,0,0,0,0,0,0,0,0,0,0,0,0,0,0,0,0,0,0,0,0,0,0,0,0,0,0,0,0,0,0,0,0,0,6.06,4.857,0,0,0,0,0,0,0,0,0,0,0,0,0,0,0,0,0,0,0,0,0,0,0,0,0,0,0,0,0,0,0,0,0,0,0
MasterOutlets_Re,65.657,65.21,64.822,65.044,68.028,64.192,70.634,65.52,67.175,63.811,69.992,68.672,69.746,68.849,68.291,69.452,69.459,68.558,70.591,69.927,70.56,70.908,69.713,68.895,69.024,64.846,64.937,66.658,66.196,67.951,70.244,71.079,71.045,72.545,71.534,72.635,70.106,68.489,69.646,69.723,69.214,69.24,69.825,69.89,69.602,71.685,69.714,70.509,68.675,69.305,70.377,68.722,68.433,72.8,69.64,71.287,68.4,69.008,65.279,65.172,64.012,67.572,65.368,65.671,66.078,67.435,66.827,73.94,66.871,66.529,67.872,65.217,65.479,69.555,66.451,65.874,65.671,66.521,71.072,66.524,69.262,67.956,70.883,67.765,68.248,67.879,67.167,68.513,67.692,67.502,67.13,69.463,71.868,68.03,68.39,67.004,71.44,67.951,68.09,66.009,68.844,66.818,68.368,67.244,67.627,69.273,67.649,70.372,67.336,69.469,68.966,67.3,69.057,66.961,67.853,70.688,67.777,68.308,68.182,70.004,67.132,67.231,68.476,64.864,67.887,70.695,67.765,70.855,67.771,71.381,68.912,68.741,72.765,67.121,70.752,67.993,68.545,74.28,67.904,69.295,67.516,66.522,68.047,66.492,67.561,70.921,68.823,67.048,67.788,67.154,68.608,65.917,66.818,84.552,66.774,66.719,66.767,69.794,66.546,69.782,68.452,80.596,68.086,70.527,66.356,69.477,67.04,68.274,67.294,0,0,0,0,0,0,91.492,92.118,93.646,93.655,94.171,91.56,92.145,91.466,91.625,66.114,96.013,67.107,66.256,68.649,78.798,77.004,65.634,66.269,65.784,67.38,70.393,67.655,68.017,68.552,67.974,66.985,68.51,68.538,67.001,68.936,67.459,67.43,67.108,68.046,68.826,68.089,71.832,70.351,68.643,70.058,68.907,72.677,68.404,69.702,64.261,68.036,68.456,69.038,68.7,66.919,69.317,67.381,65.81,68.325,66.082,68.545,68.776,67.961,66.311,70.035,67.47,67.415,68.848,69.24,72.754,69.052,71.455,68.579,68.884,66.468,69.542,68.994,67.354,68.996,69.077,66.731,66.585,66.567,68.11,69.726,67.624,66.802,66.634,66.682,68.657,66.679,66.536,68.789,65.593,71.983,66.195,66.007,66.273,71.731,67.837,68.367,68.35,70.519,66.864,67.136,67.061,66.205,67.872,71.455,68.805,67.16,69.706,68.941,67.061,67.6,67.126,69.155,69.038,69.389,71.444,68.466,72.712,68.55,72.094,70.518,69.025,68.783,67.279,69.007,74.358,67.252,72.115,68.214,74.358,66.438,67.406,66.341,66.858,72.267,68.159,66.984,66.434,65.788,66.077,68.642,66.627,68.065,68.118,67.159,67.5,69.865,68.774,68.051,68.119,67.23,69.271,67.096,66.928,67.353,66.493,66.501,66.785,66.493,68.793,71.209,70.184,67.538,66.978,67.911,67.51,67.144,69.03,67.055,67.479,68.721,67.378,66.573,67.213,66.821,66.898,66.549,67.527,67.783,68.718,67.202,68.315,71.656,69.035,71.221,69.143,71.678,64.405,63.704,66.298,64.979,64.062,65.179,64.199,65.044,64.202,65.204,63.98,64.295,65.093,65.927,64.06,70.687,67.966,67.356,69.101,67.772,76.109,67.351,68.681,67.533,68.836,68.903,73.992,67.207,67.654,67.337,67.448,67.814,67.172,70.159,69.038,68.891,68.863,67.001,66.373,67.963,67.568,70.303,69.013,73.097,69.145,72.011,68.086,73.395,67.531,72.235,67.646,72.312,70.401,68.883,67.447,69.676,69.291,68.918,69.826,68.275,68.109,67.729,65.892,70.976,71.34,69.256,70.444,68.402,67.761,67.683,68.362,67.604,66.858,68.263,67.075,69.92,67.723,66.923,67.341,67.353,69.634,69.139,68.941,68.169,68.779,67.453,69.243,71.702,67.052,73.051,68.142,68.495,67.998,68.76,67.224,73.961,68.135,68.027,67.259,67.159,67.96,68.311,67.697,71.397,68.925,68.579,68.253,66.556,66.895,68.589,67.393,64.048,69.951,64.773,68.867,63.644,66.016,64.667,68.488,63.714,68.464,65.111,64.408,66.109,64.597,66.602,64.91,64.237,69.27,64.196,68.274,64.308,65.457,64.902,66.504,64.223,65.751,66.909,64.658,64.12,64.216,70.41,64.162,68.081,64.39,65.531,64.247,64.721,65.349,62.907,63.297,63.333,66.437,64.52,65.388,63.504,63.355,64.931,70.287,63.357,70.501,64.859,66.404,64.951,66.225,64.774,67.684,69.285,67.396,68.804,68.682,68.5,68.748,68.552,67.443,67.732,68.68,67.598,68.216,68.045,68.453,69.41,67.191,73.543,71.094,71.721,67.276,73.413,67.363,66.078,67.61,67.815,67.152,66.687,69.654,66.317,66.209,67.143,67.93,67.371,67.095,66.887,67.004,68.653,71.41,68.09,71.702,68.426,71.956,68.271,71.024,67.866,72.196,64.715,65.758,65.51,65.204,65.279,68.066,64.774,64.52,90.507,68.134,64.013,64.94,63.785,63.517,63.732,65.498,68.047,65.069,66.754,63.486,68.382,64.572,63.345,64.545,63.572,63.422,63.207,65.594,63.542,64.646,64.192,68.119,69.748,67.827,68.246,67.606,67.366,67.485,68.648,69.159,66.796,72.487,67.159,72.478,66.631,69.498,67.364,71.16,67.036,67.124,66.7,66.589,67.391,66.79,67.523,66.799,67.105,65.602,66.077,66.133,68.163,67.74,67.4,66.464,65.725,65.979,73.192,65.814,70.725,66.255,72.288,67.783,66.502,68.478,66.511,68.805,66.145,67.99,67.476,67.761,66.131,66.478,67.913,66.348,67.454,65.916,66.877,72.464,65.905,70.5,66.937,70.176,66.614,70.717,68.426,71.094,66.125,70.782,67.363,71.961,66.057,65.309,66.164,64.937,70.344,65.89,65.553,64.865,66.029,64.776,67.291,64.656,67.871,67.095,71.266,66.91,70.472,73.139,75.27,66.944,77.471,73.933,74.185,73.021,72.842,74.069,71.923,72.162,66.139,67.176,66.722,66.226,67.29,70.731,65.91,70.523,65.696,70.051,65.78,76.944,89.995,89.199,91.793,91.136,91.272,78.767,81.031,79.101,78.843,78.279,78.64,78.441,78.982,80.916,79.218,79.484,85.529,80.388,83.455,79.216,84.929,79.16,86.009,81.023,85.088,78.273,79.391,77.697,77.982,81.277,77.279,77.116,79.808,77.502,77.115,78.083,78.854,76.549,76.462,78.869,75.097,78.878,73.805,79.823,72.556,76.865,71.874,71.242,72.31,72.411,71.677,71.629,71.243,75.435,70.446,70.271,71.588,69.586,69.605,70.561,70.145,70.732,70.595,70.298,70.326,68.786,76.378,68.728,70.163,68.637,73.081,68.651,73.371,68.433,74.6,67.894,69.475,69.168,71.577,64.888,64.488,70.964,68.902,68.274,70.158,67.908,68.903,70.476,67.154,72.343,66.801,70.73,67.839,68.492,67.553,68.711,69.094,68.352,69.01,68.39,69.362,69.999,67.728,67.351,69.12,68.591,68.888,67.38,67.464,67.725,73.125,67.776,72.853,67.599,68.899,69.195,68.877,68.593,71.695,67.976,75.172,67.919,66.992,68.32,66.436,66.587,66.322,67.528,64.522,64.445,65.101,64.972,65.021,66.83,63.957,68.545,65.59,68.467,65.225,72.707,65.532,65.974,65.868,67.157,65.718,64.27,64.306,65.424,65.126,65.132,65.281,66.253,64.552,64.457,64.896,64.714,66.859,64.748,70.972,65.117,68.807,64.651,65.686,65.425,63.808,65.503,65.343,65.629,63.903,65.33,65.309,65.935,66.024,65.35,64.413,64.596,64.953,64.68,64.888,67.052,64.833,71.074,66.69,69.015,65.973,66.422,65.012,70.936,65.234,69.508,66.087,67.01,66.315,66.715,64.696,66.464,64.896,64.682,67.074,67.48,64.64,65.511,65.314,64.957,69.554,66.301,70.281,65.328,65.776,66.486,63.707,63.787,70.542,64.517,69.633,67.691,64.717,66.105,71.029,66.081,64.697,68.661,65.657,64.913,64.482,64.72,64.727,66.224,66.239,69.191,64.929,66.309,66.423,70.58,65.059,66.048,67.185,64.686,65.034,67.577,65.595,64.633,64.851,64.702,65.462,63.79
MasterLights_Re,11.533,11.894,12.318,10.477,10.38,10.707,12.422,10.781,11.391,11.443,11.078,9.043,9.043,0,0,0,0,11.226,12.749,10.686,12.036,10.505,11.983,9.099,12.718,12.125,10.699,12.727,11.805,10.769,11.495,13.216,8.874,0,0,0,0,0,0,0,0,0,0,0,0,0,0,0,0,0,0,0,0,0,0,0,0,10.683,13.116,12.32,10.862,11.908,11.942,11.369,10.831,9.769,12.481,9.846,10.771,12.022,12.034,8.802,10.384,0,0,0,0,0,0,0,0,0,0,0,0,0,0,0,0,0,0,0,0,0,0,0,0,0,12.969,11.617,11.956,12.352,11.369,10.469,10.212,11.504,9.833,12.154,11.028,9.951,12.46,12.307,9.362,8.551,0,0,0,0,0,0,0,0,0,0,0,0,0,0,0,0,0,0,0,0,0,0,0,0,0,11.182,10.883,10.844,11.425,10.343,10.515,10.244,12.261,9.371,11.473,10.017,8.971,11.476,10.952,9.295,8.5,0,0,0,0,0,0,0,0,0,0,0,0,0,0,0,0,0,0,0,0,8.738,8.738,0,0,0,10.866,9.791,12.835,9.096,12.719,9.269,12.78,9.152,12.117,12.163,10.177,12.187,9.733,9.644,10.91,8.559,0,0,0,0,0,0,0,0,0,0,0,0,0,0,0,0,0,0,0,0,0,0,0,0,0,10.438,12.313,10.997,11.306,9.783,11.651,9.114,12.493,8.592,11.897,11.097,9.704,11.961,109.422,107.542,40.287,8.614,0,0,0,0,0,0,0,0,0,9.76,8.647,0,0,0,0,0,0,0,0,0,0,0,0,0,11.25,9.872,12.446,9.733,10.834,11.199,10.785,11.81,9.779,12.817,11.819,11.806,12.71,9.652,9.896,8.748,0,0,0,0,0,0,0,0,0,0,0,0,0,0,0,0,0,0,9.77,8.557,8.578,8.555,8.555,0,0,12.998,10.491,11.922,10.239,11.302,10.376,11.842,10.42,12.296,9.043,11.316,11.615,9.595,9.447,12.668,8.711,0,0,0,0,0,0,0,0,0,0,0,0,0,0,0,0,0,0,0,0,0,0,0,0,0,12.438,10.468,10.07,11.765,11.99,11.954,10.189,12.029,9.39,12.428,9.665,10.221,11.939,11.747,9.176,9.924,0,0,0,0,0,0,0,0,0,0,0,0,0,0,0,0,0,0,9.77,8.705,0,8.653,8.653,0,0,12.073,10.349,12.239,8.983,12.63,8.759,12.892,9.743,11.21,12.437,9.267,9.899,11.966,9.698,10.3,9.01,0,0,0,0,0,0,0,0,9.966,8.944,0,0,0,0,0,10.016,8.901,0,0,0,10.417,9.231,8.942,0,0,13.338,9.248,12.464,9.942,10.78,9.455,9.927,13.201,10.016,10.534,11.649,9.988,10.325,30.48,28.675,27.692,15.54,8.687,0,0,0,0,9.773,9.773,0,0,0,9.777,9.777,0,0,0,0,0,0,0,0,0,0,0,0,11.316,11.911,10.025,10.762,10.103,9.967,12.827,8.659,12.33,10.295,9.105,12.365,11.748,8.845,10.384,8.683,0,0,0,0,0,0,0,0,0,0,0,0,0,9.89,8.884,0,0,0,0,0,0,0,0,0,0,11.021,9.423,11.615,9.393,10.13,9.991,11.431,12.722,8.989,11.495,11.274,9.037,8.978,12.284,9.608,11.195,0,0,0,0,0,0,0,0,0,0,0,0,0,0,0,0,0,0,0,0,0,0,0,0,0,13.21,10.587,12.065,11.619,9.233,10.493,10.374,12.101,9.176,11.391,11.269,9.569,11.064,12.564,9.585,8.706,0,0,0,0,0,0,0,0,0,0,0,0,0,0,0,0,0,0,0,0,0,0,0,0,0,12.411,11.613,10.032,11.926,9.118,12.66,12.728,11.357,11.424,9.668,12.821,11.753,9.404,12.126,12.067,11.842,0,0,0,0,0,0,0,0,0,0,0,0,0,0,0,0,0,0,0,0,0,0,0,0,10.675,12.745,8.872,12.693,9.21,12.501,8.965,10.13,9.639,9.65,12.163,10.239,9.819,11.781,11.687,9.568,8.475,0,0,0,36.145,30.687,8.597,0,0,0,0,0,0,0,0,0,0,0,0,0,0,0,0,0,0,12.004,10.754,10.216,10.621,10.607,11.57,9.654,13.093,10.327,11.179,12.249,9.688,10.101,12.409,9.854,8.592,0,0,0,0,0,80.388,114.212,0,0,0,0,0,0,0,0,0,0,0,0,0,0,0,0,112.727,111.353,113.368,116.618,10.278,12.778,10.274,11.507,10.694,10.765,11.849,8.833,11.448,9.869,9.385,11.363,12.801,8.763,0,0,0,0,0,0,0,0,0,0,0,0,0,0,0,0,0,0,0,0,0,0,0,0,0,11.41,11.082,11.009,9.736,11.986,9.82,12.759,8.815,12.295,11.839,10.283,12.102,10.267,9.083,11.483,8.714,0,0,0,0,0,0,0,0,0,0,0,0,0,0,0,0,0,0,0,0,0,0,0,0,0,9.94,10.667,12.747,8.706,12.261,9.212,11.759,10.148,11.347,12.59,8.759,11.973,11.287,10.066,9.924,8.605,0,0,0,0,0,0,0,0,0,0,0,0,0,0,0,0,0,0,0,0,0,0,0,0,0,11.743,11.595,12.375,8.878,11.995,9.63,12.806,10.503,11.903,10.175,9.134,11.431,11.54,10.523,10.122,8.671,0,0,0,0,0,0,0,0,0,0,0,0,0,0,0,0,0,0,0,0,0,0,0,0,0,12.24,11.206,12.147,9.97,10.112,9.763,12.952,10.057,11.47,11.148,11.168,12.434,11.638,9.088,11.292,8.638,0,0,0,0,0,0,0,0,0,0,0,0,0,0,0,0,0,0,0,0,0,0,0,0,0,8.513,11.514,10.915,11.47,11.941,11.57,11.937,10.002,12.763,10.362,9.76,12.789,11.774,10.417,10.661,8.741,0,0,0,0,0,0,0,0,0,0,0,0,0,0,0,0,0,0,0,0,0,0,0,0,0,10.608,11.02
DuctHeaterHRV_Re,466.704,607.419,649.604,644.888,540.572,506.942,948.911,530.175,456.459,662.41,609.281,636.409,2.624,29.366,2.623,56.761,38.564,2.696,928.723,451.723,774.044,405.334,765.58,52.998,917.216,513.48,444.586,895.347,475.789,460.452,595.365,1015.936,2.182,11.833,2.712,2.703,29.696,29.804,11.651,93.286,2.736,2.648,2.785,99.827,55.956,56.287,56.477,47.134,2.711,11.533,46.779,2.759,37.981,20.334,2.727,37.9,2.658,47.075,1010.611,841.986,485.87,766.283,339.047,569.096,780.1,257.563,915.714,316.113,506.755,818.812,444.486,35.134,506.198,2.064,19.715,81.127,2.532,19.995,64.322,37.663,54.851,2.632,2.615,81.935,28.91,2.587,2.783,65.201,2.599,2.683,64.695,29.149,2.789,46.61,2.959,2.778,20.049,2.599,55.419,990.534,791.927,563.146,572.804,671.641,612.129,712.035,285.626,844.967,563.839,345.9,906.121,878.808,218.92,2.068,0,54.997,37.477,54.692,20.219,2.656,2.612,132.766,125.15,28.782,2.625,46.174,37.877,2.596,2.575,37.417,2.598,2.694,19.982,2.666,2.553,37.367,2.804,28.696,2.649,2.605,988.245,499.118,706.961,518.733,628.086,356.012,838.041,190.126,630.336,534.991,43.739,719.665,604.212,228.193,2.021,0,11.123,36.854,2.55,2.539,2.524,19.729,104.74,19.687,2.574,2.736,20.032,37.716,2.72,0,0,0,0,0,0,30.925,37.332,54.763,46.294,2.648,28.624,291.076,1000.849,81.287,974.581,159.782,998.602,152.747,820.941,618.474,350.862,863.427,469.895,243.389,551.101,2.107,2.107,0,11.108,29.372,73.343,29.17,2.711,2.709,38.48,65.083,46.937,29.575,109.226,29.173,2.662,20.187,108.725,2.661,46.4,37.697,2.708,20.325,2.654,64.139,55.043,72.753,816.254,571.37,664.557,285.982,732.402,120.722,865.297,2.336,711.716,506.288,243.868,802.632,762.146,293.912,2.084,0,0,0,10.88,2.28,72.418,62.926,2.678,46.387,2.661,2.72,2.682,108.297,46.736,2.587,63.638,37.354,55.063,2.622,2.587,46.281,81.797,2.681,2.67,2.655,72.651,290.949,899.083,298.582,528.966,328.614,454.449,742.579,286.988,1010.085,223.718,421.453,952.589,460.428,292.961,2.153,0,0,0,11.091,72.675,55.18,2.751,46.185,81.334,2.607,2.608,55.506,11.416,2.879,37.73,15.793,11.659,143.084,2.643,2.739,99.808,2.707,2.786,2.807,2.548,29.481,675.319,563.715,632.468,515.053,527.335,704.1,401.17,851.621,91.514,512.17,686.183,198.357,645.741,946.974,2.175,0,0,0,20.018,2.425,2.517,19.987,2.774,20.03,88.775,45.53,2.587,37.232,19.89,2.71,2.599,90.095,2.638,81.408,2.548,2.705,2.513,29.158,11.402,2.517,29.154,441.731,696.623,448.967,674.13,480.731,420.084,799.586,172.25,884.95,390.806,391.042,748.107,414.634,108.103,2.037,0,0,0,11.078,28.499,2.781,2.804,72.892,20.401,2.938,134.109,29.018,2.858,2.817,2.744,20.384,2.656,197.761,2.646,2.699,55.825,20.291,64.406,2.714,20.335,2.828,381.014,821.397,43.486,918.764,2.294,947.003,204.844,540.028,778.99,61.572,551.002,743.883,177.44,308.469,1.973,0,0,0,10.909,37.532,2.751,29.775,119.49,2.723,2.812,2.726,43.528,2.646,29.706,2.638,2.692,38.705,56.591,2.456,20.56,2.603,2.643,127.68,47.92,11.637,74.135,96.465,199.216,267.519,604.703,290.341,274.769,1011.419,281.346,635.548,682.155,256.465,339.873,1035.782,438.378,2.081,0,0,0,11.054,2.153,47.112,2.6,2.688,2.824,82.29,2.848,2.802,117.416,2.699,92.092,82.188,2.656,2.786,98.748,2.648,2.646,20.689,73.323,2.606,2.921,46.958,749.592,524.823,351.481,410.027,275.376,952.049,3.609,844.039,511.201,84.186,845.808,676.471,2.178,638.79,2.289,0,0,0,19.866,72.485,2.764,2.668,100.002,37.899,38.428,2.782,2.724,2.859,55.452,178.199,2.773,2.854,2.688,2.73,2.827,2.691,2.732,100.517,55.759,28.914,82.048,194.49,691.634,169.736,614.783,461.404,412.342,951.025,72.875,703.9,630.614,35.791,467.151,879.344,235.041,2.157,0,0,10.808,2.134,55.359,90.809,11.459,46.936,55.437,55.532,109.587,56.249,38.227,55.876,2.766,29.031,2.682,21.169,162.609,90.888,37.947,73.748,2.674,2.762,2.896,2.813,449.069,817.451,414.875,618.305,595.949,348.039,810.64,95.307,627.629,619.338,194.882,542.647,896.513,250.754,2.205,0,0,10.996,2.176,2.368,29.073,2.624,2.735,62.658,2.616,2.742,28.795,19.746,2.615,2.447,19.698,20.186,2.579,46.183,2.433,2.602,37.04,2.545,71.526,45.656,2.534,719.375,317.339,768.092,121.603,977.905,1010.534,639.514,506.949,267.064,996.547,400.314,156.617,784.309,788.407,2.132,0,0,0,10.99,2.176,54.846,29.003,2.618,46.113,2.662,11.366,2.654,2.548,46.045,28.679,2.56,2.378,46.215,2.617,54.463,80.896,2.707,45.644,2.623,2.684,996.224,84.024,997.556,166.697,936.176,125.836,660.511,317.12,270.56,868.095,450.797,298.898,767.122,741.064,265.726,2.198,0,0,19.393,1.978,2.438,116.253,37.638,20.003,2.611,73.141,63.741,2.685,2.632,2.789,2.739,2.596,20.305,2.376,2.63,134.491,2.676,2.801,2.631,2.674,82.909,951.257,702.204,417.34,452.573,702.396,221.968,1016.848,380.021,417.569,845.859,264.84,345.504,901.174,620.51,2.172,0,0,10.986,19.944,29.214,2.74,2.526,55.242,28.989,2.717,2.572,81.323,2.591,2.462,2.509,115.919,20.316,2.526,54.901,37.129,2.66,63.744,2.499,2.611,2.593,2.494,991.018,368.098,1003.222,361.175,638.144,482.466,502.998,732.688,31.675,657.483,553.443,153.966,532.651,960.854,2.134,0,20.508,20.588,46.783,2.677,20.302,2.772,2.676,99.37,47.027,2.789,2.653,37.489,55.005,2.612,2.687,29.278,2.641,2.641,46.432,2.853,2.605,46.372,2.593,46.292,55.673,743.554,609.015,233.146,771.688,211.682,956.077,18.428,857.418,518.728,395.68,800.759,503.276,85.34,664.571,2.23,0,20.159,2.608,2.671,37.928,72.392,2.687,2.735,2.63,37.265,46.546,10.706,2.645,46.18,46.298,2.606,2.603,37.637,2.536,17.359,54.911,2.631,55.383,45.946,2.568,54.01,417.158,981.611,56.916,959.603,154.331,750.079,364.058,528.21,986.438,43.474,639.299,623.763,310.582,335.821,2.071,0,19.902,2.581,2.571,2.667,63.033,28.659,54.559,2.583,28.562,2.765,54.846,2.606,2.647,45.969,2.603,2.719,28.642,2.577,2.71,54.713,2.718,37.239,63.707,2.697,45.841,706.685,921.112,75.771,795.538,241.946,997.574,491.034,373.685,587.563,117.57,663.368,712.576,453.451,352.431,2.081,0,11.316,2.652,2.514,37.216,19.955,46.306,63.737,2.576,2.609,80.166,72.455,2.603,2.693,46.546,2.569,2.542,46.537,2.689,2.641,64.062,2.616,28.706,2.623,2.691,54.753,619.295,862.349,295.922,341.268,248.454,995.444,302.95,677.989,470.817,578.016,885.166,692.061,973.427,510.805,2.116,0,29.12,2.662,2.705,2.722,73.287,55.078,73.15,2.806,2.629,11.441,64.415,2.722,2.718,64.492,2.75,2.709,38.004,2.702,2.623,89.947,2.713,46.299,2.598,37.589,28.963,729.615,702.452,447.781,799.881,372.839,777.912,343.931,1001.468,397.94,258.099,1001.155,657.184,408.934,510.425,2.143,0,11.517,2.521,2.607,2.733,37.617,28.851,46.449,2.74,2.683,55.06,29.083,2.588,2.635,72.975,2.67,2.691,46.75,2.601,11.398,37.76,2.65,63.572,2.719,64.103,72.05,859.595
CounterOutlets1_Re,2.583,2.764,2.484,1.503,1.528,1.376,1.488,1.354,1.844,1.945,2.552,3.41,3.41,0,0,0,0,1.164,1.3,2.708,1.78,2.732,1.957,3.466,1.519,3.016,2.489,1.608,2.869,2.549,3.118,1.322,3.565,0,0,0,0,0,0,0,0,0,0,0,0,0,0,0,0,0,0,0,0,0,0,0,0,1.165,1.165,2.583,2.414,4.59,3.121,3.639,3.644,2.768,1.61,3.185,2.587,1.972,3.058,3.562,2.539,0,0,0,0,0,0,0,0,0,0,454.994,1552.919,1508.126,3.486,670.722,1503.124,3.564,0,0,0,0,0,0,0,0,1.304,1.304,1.452,3.036,2.826,1.408,1.89,3.13,2.865,1.648,2.666,2.858,2.716,1.603,3.14,3.473,0,0,0,0,0,0,0,0,0,0,0,0,0,0,0,0,0,0,0,0,0,0,0,0,0,2.24,2.934,2.541,1.899,1.832,1.704,1.691,1.658,3.098,2.281,2.176,3.662,1.885,1.954,3.079,3.482,0,0,0,0,0,0,0,0,0,0,0,0,0,0,0,0,0,0,0,0,3.573,3.573,0,0,0,2.11,2.684,1.085,3.251,1.169,2.96,1.046,2.882,2.839,1.342,2.825,1.85,3.061,3.015,1.779,2.285,0,0,0,0,0,0,0,0,0,0,0,0,0,0,0,0,0,0,0,0,0,0,0,0,0,1.306,1.309,2.426,2.881,2.956,1.494,3.155,1.782,3.512,3.453,3.092,3.19,1.867,1.956,3.135,3.159,0,0,0,0,0,0,0,0,0,0,0,0,0,0,0,0,0,0,0,0,0,0,0,0,0,2.139,1.453,2.622,1.906,2.101,2.989,1.898,2.004,3.022,1.511,1.964,3.542,1.503,1.836,2.893,3.528,0,0,0,0,0,0,0,0,0,0,0,0,0,0,0,0,0,0,0,0,0,0,0,0,0,1.491,1.607,1.592,3.299,2.884,2.01,2.982,2.812,1.593,3.244,1.629,2.858,3.046,3.048,1.418,1.786,0,0,0,6.729,6.729,5.042,3.701,0,0,0,0,0,0,0,0,6.474,6.474,0,0,0,0,0,0,0,4.628,4.628,2.982,3.632,3.382,3.018,3.052,3.121,2.106,3.463,1.798,1.927,2.358,2.237,3.402,3.277,5.519,0,3.775,3.775,0,0,0,0,0,0,0,0,0,0,0,0,0,0,0,0,0,0,0,0,0,0,3.045,1.634,1.73,3.334,1.636,3.55,1.597,2.116,1.83,2.133,3.537,2.016,2.202,3.28,2.017,3.164,0,0,0,0,0,0,0,0,0,0,0,0,0,0,0,0,0,0,0,0,2.923,4.086,0,0,0,1.717,3.907,2.53,2.037,3.682,1.996,3.513,1.834,3.344,3.572,2.622,3.348,2.538,1.957,3.554,2.314,0,0,0,0,0,0,0,0,0,0,0,0,0,0,0,0,0,0,0,0,0,0,0,0,0,2.695,1.74,1.692,2.037,2.733,2.011,1.495,3.675,1.734,1.952,3.533,1.945,1.921,3.421,2.195,3.278,0,0,0,0,0,0,0,0,0,0,0,0,0,0,0,0,0,0,0,0,0,0,0,0,0,3.4,3.254,2.044,2.134,2.033,3.079,1.957,1.458,3.117,2.055,1.904,3.426,2.264,1.672,3.033,3.036,-0.029,0.082,3.778,3.331,0,0,0,0,0,0,0,0,0,0,0,0,0,0,0,0,0,0,0,0,0,1.289,2.914,1.976,3.093,2.14,1.724,3.193,1.984,3.322,2.914,3.124,2.999,1.71,1.671,1.822,3.449,0,0,0,0,0,0,0,0,0,0,0,0,0,0,0,0,0,0,0,0,0,0,0,0,0,1.68,3.076,2.952,1.9,3.496,1.525,3.166,2.083,3.17,2.844,1.282,2.866,3.13,1.551,1.753,1.763,0,0,0,0,0,0,0,0,0,0,0,0,0,0,0,0,0,0,0,0,0,0,0,0,2.355,1.274,3.296,1.696,3.411,1.628,3.212,2.949,2.065,2.976,1.643,2.044,2.908,3.038,2.87,3.101,3.736,0,0,0,0,0,0,0,0,0,0,0,0,0,0,0,0,0,0,0,0,0,0,0,0,2.074,2.775,1.768,2.04,1.902,3.454,3.252,1.472,2.839,1.409,1.549,2.932,1.794,1.387,2.003,3.538,0,0,0,0,0,0,0,0,0,0,0,0,0,0,0,0,0,0,0,0,0,0,0,0,0,1.465,1.465,2.719,1.427,2.656,2.815,2.723,2.103,3.077,3.164,1.933,2.601,3.074,1.801,1.298,3.151,0,0,0,0,0,0,0,0,0,0,0,0,0,0,0,0,0,0,0,0,0,0,0,0,0,2.196,1.626,1.301,2.935,1.733,3.033,1.402,3.587,1.616,2.877,1.632,1.747,1.71,3.352,1.645,3.037,0,0,0,0,0,0,0,0,0,0,0,0,0,0,0,0,0,0,0,0,0,0,0,0,0,1.261,2.812,1.323,3.384,1.467,3.182,1.832,1.589,3.318,1.47,3.431,1.348,2.156,2.879,1.984,3.508,0,0,0,0,0,0,0,0,0,0,0,0,0,0,0,0,0,0,0,0,0,0,0,0,0,1.864,1.327,1.626,3.299,1.766,2.982,1.308,2.585,1.537,2.691,3.238,1.65,2.08,2.461,1.409,3.521,0,0,0,0,0,0,0,0,2.444,2.444,0,0,0,0,0,0,0,0,0,0,0,0,0,0,0,1.534,1.225,1.665,2.762,2.702,2.905,1.322,2.849,3.157,2.965,1.301,1.522,1.828,3.559,2.833,3.624,0,0,0,0,0,0,0,0,0,0,0,0,0,0,0,2.504,2.504,0,0,0,0,0,0,0,0,1.272,1.259,1.253,2.665,1.513,2.649,1.734,2.675,1.369,1.498,2.87,2.692,2.834,2.61,2.997,3.516,0,0,0,0,0,0,0,0,0,0,0,0,0,0,0,0,0,0,0,0,0,0,0,0,0,2.403,2.841
CounterOutlets2_Re,4.244,4.127,4.335,5.389,5.483,4.641,5.419,5.51,4.6,5.012,4.283,3.632,3.632,0,0,0,0,5.989,5.821,4.33,5.344,4.225,5.046,3.646,5.653,4.099,4.547,5.586,4.193,4.569,3.901,5.872,3.481,0,0,0,0,0,0,0,0,0,0,0,0,0,0,0,0,0,0,0,0,0,0,0,0,6.003,6.003,5.528,4.685,941.751,938.736,936.022,937.592,44.101,45.627,43.751,45.638,45.227,45.008,43.59,44.806,0,0,0,0,0,0,0,0,0,0,0,0,44.173,44.173,0,0,0,0,0,0,0,0,0,0,0,46.126,46.126,45.912,44.431,45.466,45.596,45.435,45.081,44.329,45.774,44.395,44.145,45.777,45.678,43.875,43.66,0,0,0,0,0,0,0,0,0,0,0,0,0,0,0,0,0,0,0,0,0,0,0,0,0,44.908,45.541,44.538,44.216,45.18,45.331,45.423,45.541,43.904,45.122,45.486,43.558,45.228,44.092,43.776,43.429,0,0,0,0,0,0,0,0,0,0,0,0,0,0,0,0,0,0,0,0,43.396,43.396,0,0,0,44.886,44.195,45.949,43.63,45.768,43.888,46.033,43.913,44.17,44.597,44.318,45.308,45.13,43.96,45,44.86,0,0,0,0,0,0,0,0,0,0,0,0,0,0,0,0,0,0,0,0,0,0,7.878,3.431,0,5.64,5.78,5.633,3.911,3.836,4.481,3.72,5.408,3.397,3.924,3.828,3.694,5.055,5.038,3.685,4.743,0,0,0,0,0,0,0,0,0,0,0,0,0,0,0,0,0,0,0,0,0,0,0,0,0,4.866,5.615,4.328,5.029,4.941,3.827,5.028,5.31,3.784,5.505,5.093,4.793,5.653,5.233,4.093,3.366,0,0,0,0,0,0,0,0,0,0,0,0,0,0,0,0,0,0,0,0,0,0,0,0,0,5.565,5.422,4.263,3.657,5.239,4.027,5.01,4.142,5.476,3.637,5.389,4.064,3.91,4.846,5.708,5.292,0,0,0,-0.982,-0.982,1.29,3.042,0,0,0,0,0,0,0,0,-0.697,-0.697,0,0,0,0,0,0,0,1.802,1.802,3.777,3.008,3.257,4.263,3.782,4.627,4.73,3.208,5.108,5.098,4.621,4.762,3.33,3.653,0.279,0,0.376,2.934,0,0,0,0,0,0,0,0,0,0,0,0,0,0,0,0,0,0,0,0,0,0,5.135,4.404,5.4,3.561,5.361,3.461,5.596,5.052,4.313,5.211,3.504,5.086,4.825,3.786,5.117,4.866,0,0,0,0,0,0,0,0,0,0,0,0,0,0,0,0,0,0,0,0,3.945,2.684,0,0,0,5.424,2.868,4.375,4.55,3.17,3.179,3.293,5.275,3.577,3.294,4.262,3.544,4.73,5.078,3.26,3.664,0,0,0,0,0,0,0,0,0,0,0,0,0,0,0,0,0,0,0,0,0,0,0,0,0,4.835,5.179,5.154,4.992,4.307,4.065,5.672,3.192,5.41,5.211,3.365,5.16,5.316,3.513,4.818,3.562,0,0,0,0,0,0,0,0,0,0,0,0,0,0,0,0,0,0,0,0,0,0,0,0,0,3.383,3.579,5.001,3.819,3.903,3.8,4.15,5.681,3.715,4.814,5.041,3.527,4.757,5.3,3.805,4.904,8.046,7.964,3.177,3.561,0,0,0,0,0,0,0,0,0,0,0,0,0,0,0,0,0,0,0,0,0,5.956,4.114,3.84,3.872,5.013,5.462,4.916,5.126,3.735,4.142,4.88,3.964,5.367,5.329,5.227,3.433,0,0,0,0,0,0,0,0,0,0,0,0,0,0,0,0,0,0,0,0,0,0,0,0,0,5.29,4.71,3.956,5.077,3.227,5.566,3.86,4.95,3.785,4.119,5.79,5.168,3.857,5.538,5.442,5.355,0,0,0,0,0,0,0,0,0,0,0,0,0,0,0,0,0,0,0,0,0,0,0,0,4.61,5.813,3.588,5.217,3.335,5.312,3.537,3.853,3.659,3.777,5.184,4.825,3.904,3.761,4.978,3.618,2.965,0,0,0,0,0,0,0,0,0,0,0,0,0,0,0,0,0,0,0,0,0,0,0,0,4.895,4.278,5.022,4.001,5.196,4.59,3.677,5.548,4.056,4.399,5.489,3.893,5.219,5.6,4.976,3.213,0,0,0,0,0,0,0,0,0,0,0,0,0,0,0,0,0,0,0,0,0,0,0,0,0,0,4.4,4.247,5.544,4.351,4.205,4.362,4.824,4.953,3.637,5.018,4.364,3.925,5.126,5.782,3.794,0,0,0,0,0,0,0,0,0,0,0,0,0,0,0,0,0,0,0,0,0,0,0,0,0,4.918,4.44,5.8,4.083,4.27,3.99,5.697,3.343,5.484,4.108,4.344,5.31,5.318,3.623,5.373,3.876,0,0,0,0,0,0,0,0,0,0,0,0,0,0,0,0,0,0,0,0,0,0,0,0,0,5.768,4.372,5.676,3.522,5.287,3.76,5.118,5.389,3.585,5.398,3.459,5.616,4.856,4.114,4.888,3.404,0,0,0,0,0,0,0,0,0,0,0,0,0,0,0,0,0,0,0,0,0,0,0,0,0,5.152,5.683,5.225,3.613,5.245,3.983,5.763,4.318,5.472,4.291,3.708,5.352,4.789,4.481,5.608,3.405,0,0,0,0,0,0,0,0,0,0,0,0,0,0,0,0,0,0,0,0,0,0,0,0,0,5.453,5.763,5.154,4.188,4.283,4.039,5.73,4.155,3.734,3.955,4.775,5.53,4.169,3.306,4.046,3.373,0,0,0,0,0,0,0,0,0,0,0,0,0,0,0,0,0,0,0,0,0,0,0,0,0,5.626,5.783,5.804,4.288,5.358,5.371,5.27,4.246,5.498,5.5,4.072,4.147,5.474,4.376,3.855,3.398,0,0,0,0,0,0,0,0,0,0,0,0,0,0,0,0,0,0,0,0,0,0,0,0,0,4.549,3.948
KitchenOutlets_Re,5.421,3.819,4.826,5.143,3.589,4.72,4.167,4.682,4.198,4.677,3.771,5.99,6.552,8.467,8.007,6.72,8.08,7.454,4.267,7.071,4.428,4.266,5.929,6.208,4.381,6.646,4.534,4.521,6.673,4.195,5.557,4.181,7.824,8.053,6.872,0,0,0,0,0,0,0,0,5.805,5.805,0,0,0,0,0,0,0,0,0,0,0,0,4.679,3.367,3.655,3.222,3.002,3.907,3.443,3.31,5.198,3.514,6.047,3.881,4.045,5.125,5.857,5.813,5.813,0,0,0,0,0,0,0,0,0,0,5.511,5.877,5.911,0,0,0,0,0,0,0,0,0,0,0,3.588,4.395,3.469,5.115,3.931,3.833,5.245,4.47,5.453,3.703,5.253,5.485,3.507,3.962,5.71,6.119,0,0,0,0,0,0,0,0,0,0,0,0,0,5.797,6.796,6.962,6.961,5.714,5.745,0,0,5.972,5.972,5.963,0,4.423,3.736,3.805,4.926,4.279,4.809,5.336,3.752,5.794,4.569,3.889,6.707,3.926,4.14,5.834,4.91,0,0,0,0,5.727,5.727,0,0,0,6.062,6.062,6.767,6.767,0,0,0,0,0,0,0,6.013,6.013,0,6.912,6.912,5.949,5.311,3.551,6.488,3.542,5.769,3.736,5.491,6.019,4.268,4.953,3.994,4.476,5.219,3.695,5.422,0,0,0,0,7.007,7.007,6.108,5.818,5.818,5.725,5.725,0,0,5.827,5.827,0,0,0,0,0,0,0,0,0,5.717,5.717,4.647,3.82,5.422,5.573,3.968,5.963,3.937,5.809,4.105,5.454,5.632,4.086,4.221,4.558,6.582,0,0,0,0,0,0,6.551,6.551,0,5.885,5.885,0,0,6.709,6.709,0,0,5.469,5.469,0,0,0,6.479,6.479,5.926,5.926,5.779,3.54,4.264,4.223,4.066,5.31,5.439,5.389,3.61,5.849,4.501,3.56,3.895,5.174,5.208,0,0,0,0,0,0,0,0,0,0,0,0,0,6.546,6.546,0,0,0,6.567,6.567,0,5.413,5.413,6.657,0,3.556,4.06,5.28,6.06,3.796,4.474,5.518,5.529,4.056,5.706,4.019,5.228,5.434,5.698,3.756,5.274,0,0,0,11.569,11.569,8.912,6.746,6.159,8.915,6.611,7.384,7.879,6.601,6.682,7.564,6.731,12.563,12.689,11.386,11.509,12.684,11.391,12.719,12.743,11.351,6.953,6.609,4.895,4.975,7.156,5.496,7.339,7.571,6.356,7.206,6.015,5.602,7.555,6.731,7.686,13.382,13.684,11.322,8.849,9.118,6.58,8.947,8.803,5.847,8.607,6.273,5.729,8.393,8.453,6.309,8.456,6.124,6.158,8.217,8.433,6.223,8.557,6.798,6.164,8.425,8.358,6.598,7.303,4.434,4.597,6.779,6.541,4.223,7.89,7.05,5.157,8.365,7.638,5.178,7.855,7.257,6.996,8.264,8.433,7.117,6.849,6.855,7.915,8.505,8.399,8.246,8.431,8.161,8.112,8.196,8.277,8.005,8.038,6.778,8.206,8.579,7.157,8.681,8.466,6.904,7.355,8.097,6.762,8.297,8.048,7.557,5.853,6.165,6.677,5.867,7.169,5.254,6.929,7.139,7.728,6.14,6.201,6.862,6.426,8.416,6.166,8.158,8.199,6.254,8.474,7.367,6.334,8.091,8.605,6.313,8.065,6.124,6.304,8.284,8.461,6.242,8.207,6.096,6.124,8.761,8.528,6.295,8.758,8.365,4.316,7.045,7.702,5.236,7.785,4.111,4.374,5.63,7.251,4.866,6.031,7.004,4.524,6.79,8.439,6.53,8.228,6.906,6.665,7.841,8.101,6.774,7.841,8.077,7.031,8.007,8.226,7.221,7.971,7.937,8.179,8.133,7.871,7.929,8.031,7.803,6.078,7.788,7.934,7.692,7.893,5.21,5.491,7.137,4.689,5.013,6.407,3.702,7.298,7.057,4.502,7.584,7.503,4.119,7.244,7.794,6.179,7.438,7.499,6.019,6.371,7.969,6.143,6.447,6.148,6.031,6.377,6.27,6.094,8.205,7.276,6.062,8.219,6.253,7.153,8.28,8.326,6.149,8.359,8.41,6.415,8.648,5.62,4.186,7.538,7.125,4.472,8.166,4.816,4.032,6.772,7.629,3.924,6.98,4.443,4.584,8.371,6.575,6.677,8.356,8.184,6.659,8.145,6.337,6.734,7.841,7.974,6.664,8.405,8.074,6.62,7.999,7.989,6.637,8.258,8.204,6.784,7.932,7.895,7.698,7.687,7.71,7.909,4.998,4.909,5.048,7.864,4.01,6.63,4.331,6.264,4.205,6.357,6.402,6.879,4.071,4.273,6.533,8.05,6.274,6.485,7.507,6.182,7.412,7.516,6.13,6.02,7.513,6.242,5.929,7.216,6.161,6.238,7.133,6.038,6.281,7.08,5.899,6.218,7.205,5.895,6.017,7.171,3.357,7.554,4.864,5.002,6.756,6.85,4.649,5.162,6.474,4.078,7.125,6.335,4.326,6.287,6.554,6.256,8.537,8.782,6.678,8.633,8.813,6.053,8.904,6.354,6.383,8.799,6.416,6.453,8.781,6.749,6.734,8.823,8.794,6.783,8.804,8.741,6.709,9.431,8.742,6.793,8.749,4.178,5.105,7.488,5.089,5.317,7.971,4.234,4.393,6.941,4.171,3.977,7.012,3.957,5.079,8.073,6.767,7.778,7.693,7.665,7.863,7.9,7.683,7.995,8.011,7.679,7.737,7.526,7.946,7.569,7.656,6.09,6.549,7.992,6.563,6.576,8.812,6.561,6.591,8.077,6.887,6.575,6.286,4.883,4.976,6.249,4.406,4.273,6.028,4.477,7.511,7.022,4.538,7.256,5.904,3.557,6.056,6.058,6.048,6.275,7.902,0,0,0,0,0,0,0,0,0,0,0,5.779,5.779,0,0,0,0,0,0,0,0,4.557,3.776,3.594,4.531,3.854,5.827,3.37,6.003,5.255,5.379,3.819,4.364,4.34,5.655,3.821,5.912,0,0,0,0,0,0,0,0,0,0,0,0,0,0,0,0,0,0,0,0,0,0,0,0,0,3.084,5.097,3.349,5.994,3.295,5.556,5.016,3.576,4.539,5.134,5.73,3.63,3.554,5.251,4.081,6.243,0,0,0,0,0,0,0,0,0,0,0,0,0,0,0,0,0,0,0,0,0,0,0,0,0,4.166,3.219,3.632,6.01,3.83,5.155,3.696,4.829,4.174,4.903,5.566,4.062,5.654,4.636,4.388,6.008,0,0,0,0,0,0,0,0,0,0,0,0,0,0,0,0,0,0,0,0,0,0,0,0,0,4.015,4.721,3.788,3.798,4.886,5.145,3.425,5.494,4.303,5.394,4.799,3.491,5.118,6.321,5.094,5.331,0,0,0,0,0,0,0,0,0,0,0,0,0,0,0,0,0,0,0,0,0,0,0,0,0,6.568,4.531,4.731,5.212,5.086,4.029,3.849,5.302,3.631,5.238,5.555,5.329,5.35,5.163,4.529,6.056,0,0,5.826,5.826,0,0,0,0,0,0,0,0,0,0,0,0,0,0,0,0,0,0,0,0,0,3.179,3.517
Grid_AP,1170.054,1654.899,1317.258,1261.063,1594.407,1572.07,1513.831,1218.102,1518.921,1592.68,1167.403,958.307,959.724,1023.638,971.16,686.414,1217.413,1012.299,1924.032,1181.837,1690.81,1028.694,1294.544,951.171,1799.627,1464.196,1413.191,1789.158,1429.304,1423.486,1166.015,1900.328,831.137,432.028,861.252,877.011,478.456,477.089,869.076,669.324,826.105,866.79,871.98,1038.6,1352.769,1009.498,891.756,1275.026,1291.67,849.555,848.476,542.723,841.977,877.631,454.757,879.72,824.479,540.243,2025.636,1882.341,1584.876,2673.169,2275.57,2111.861,2805.023,1293.582,1862.697,1073.541,1748.015,1632.739,1334.355,1209.576,1743.142,1155.248,749.465,900.528,1285.348,1193.948,889.287,711.072,1092.427,630.619,1030.103,1128.453,2166.05,2490.921,610.074,751.592,2471.706,769.257,807.403,1063.99,632.036,1082.419,894.508,510.382,923.231,884.804,624.857,1890.232,1750.86,1196.406,1297.052,1750.932,1708.94,1404.719,1394.012,1889.672,1295.619,1106.172,1920.907,1802.632,861.149,868.084,868.461,621.124,493.262,950.122,528.129,484.314,859.373,1062.825,715.862,869.009,863.208,937.835,681.676,979.099,991.482,1089.512,610.601,682.136,1026.879,608.515,1009.639,1046.454,636.956,1055.224,984.094,1028.076,1595.491,1610.11,1783.087,1250.583,1341.236,1465.909,1777.763,1199.273,1613.473,1534.036,976.875,1666.685,1587.226,889.384,868.392,496.774,496.929,933.21,864.983,872.121,884.914,1036.588,1152.553,1027.409,1007.185,620.689,1018.55,696.526,614.573,0,0,0,0,0,0,1141.676,1148.344,1243.383,886,1151.919,1407.168,1754.424,2368.137,1504.915,2328.705,1607.783,2241.731,1482.592,1715.767,1975.349,1322.898,1354.681,1088.388,1202.779,1504.226,855.17,918.212,1058.093,1023.704,1052.155,1110.574,1047.955,605.725,987.351,636.82,768.509,1086.881,708.413,847.544,1062.419,1021.539,658.873,1191.29,1004.882,971.644,895.663,901.93,930.332,897.797,953.727,941.573,482.045,1790.746,1518.995,1232.105,905.955,1657.512,1046.371,1808.703,925.73,1683.107,1517.652,891.224,1336.632,1791.553,1025.822,961.708,871.747,492.313,876.132,872.219,917.276,988.406,974.208,880.195,948.907,990.254,534.048,853.293,676.435,475.941,848.128,950.543,913.826,939.796,856.541,856.698,928.897,626.441,444.02,821.745,438.554,491.436,1276.521,1797.97,936.299,1505.25,963.522,1077.385,1681.01,921.862,1463.739,1196.236,1416.531,1843.872,1454.01,1285.409,874.357,987.703,865.903,903.176,519.991,1009.977,902.954,514.297,982.395,1010.727,508.45,901.23,895.391,898.99,464.862,899.599,862.777,530.121,909.873,902.386,521.297,723.645,901.975,520.235,574.585,895.327,586.108,1291.725,1565.785,1635.799,1155.989,1542.469,1788.871,1169.891,1805.677,1038.578,1517.769,1656.692,1189.049,1635.916,1853.319,880.489,489.419,503.695,876.514,453.324,2085.183,2302.499,977.817,740.562,1036.7,1179.354,1114.624,1261.32,1249.693,1224.315,642.537,1063.621,2584.56,2065.844,2445.459,2059.011,2073.74,2440.341,2070.635,2267.329,2546.947,715.642,1646.063,1877.285,1300.915,1858.088,1682.901,1642.258,1553.252,1032.733,2020.611,1435.857,1609.385,1842.653,1179.646,1095.204,2474.161,2082.68,2452.969,1087.894,704.543,1134.087,1092.898,566.65,1050.931,599.808,554.19,1134.814,987.29,950.702,562.087,946.983,1052.366,1043.222,981.594,932.982,935.318,666.226,993.605,980.819,896.118,926.113,501.988,1427.783,1777.199,1008.718,1439.382,894.403,2041.445,1359.736,1826.854,2014.684,2078.524,1822.034,1576.751,1441.029,1587.22,1155.11,1157.578,739.729,671.724,1075.929,1230.248,1177.65,728.974,950.258,1117.033,726.689,1031.514,1065.359,1020.474,672.852,1013.843,995.03,684.998,721.672,1254.774,1285.569,761.085,1152.658,1337.937,868.924,1073.317,1265.977,974.262,1587.714,1544.131,1873.695,1573.332,1202.904,2177.411,1555.955,1902.925,1528.8,1521.02,1614.062,1772.248,1829.713,1151.986,632.118,610.541,1048.158,893.583,900.828,642.028,1026.696,558.943,495.027,1003.979,489.983,516.764,1054.714,886.296,495.923,1030.152,841.591,451.854,1003.657,895.451,902.09,512.821,1011.271,903.435,512.373,818.804,1722.719,1544.575,1016.242,1436.103,1295.341,1891.169,534.578,1791.358,1528.594,686.881,1396.238,1618.25,945.392,1240.63,547.87,886.536,893.466,489.383,873.495,993.304,488.37,872.742,1028.825,935.507,596.338,878.969,614.9,607.551,979.527,1145.678,503.018,500.047,886.578,895.428,499.566,886.859,887.256,693.662,615.257,877.915,494.319,1441.514,1658.961,1163.823,1602.692,1056.52,1364.828,1816.755,1271.77,1277.747,1769.238,1013.953,1478.012,1407.124,902.111,971.775,878.248,515.871,892.064,920.872,619.306,1141.093,1013.613,620.176,1031.637,1085.27,613.064,715.018,1056.504,1002.954,603.569,1047.595,996.797,628.544,892.564,991.158,994.228,757.266,991.694,879.959,494.262,454.259,1421.299,1313.786,1034.749,1552.48,1556.693,1042.568,1331.343,1029.055,1569.293,1191.976,1222.069,1531.138,1551.371,1406.382,998.97,614.555,611.287,993.538,993.682,601.619,1033.863,988.727,599.92,1096.686,964.576,594.565,706.088,1274.778,1252.681,1256.041,1179.268,1121.902,1130.372,755.142,1069.427,1080.935,1137.924,1084.026,1180.069,1142.403,984.605,1344.749,1359.369,1779.48,748.717,1450.435,1116.245,1777.457,1288.406,1380.327,2012.977,1207.578,1260.862,1858.109,1920.973,649.65,1077.9,1057.016,668.457,1046.277,1042.736,1046.137,709.609,1044.144,1108.115,654.618,566.058,942.763,932.165,593.41,561.209,883.378,902.957,504.062,889.464,966.194,656.351,504.705,949.231,889.995,502.958,1959.058,1069.772,1645.34,965.619,1996.182,1451.787,1935.037,1513.879,1560.824,2092.493,1784.431,1614.566,2020.011,2034.34,1235.299,1190.018,1195.351,1257.176,759.754,1072.669,1223.998,1245.211,672.427,1061.19,1067.356,937.987,1182.861,1068.21,1082.807,556.161,585.839,950.719,981.275,574.602,1059.605,1248.258,1054.075,674.94,1054.696,1048.836,819.538,2079.293,1825.489,1612.834,1619.617,1460.383,1377.107,2078.948,1570.234,1576.208,1952.84,961.081,1372.408,1877.491,1661.145,525.029,949.508,915.788,918.467,950.777,705.693,528.949,1035.049,760.961,650.176,1063.748,1181.478,1297.484,785.475,1159.399,1033.253,1201.939,711.101,1246.133,1309.009,1293.265,1037.903,1317.671,1211.703,819.131,820.61,1085.335,2002.139,1438.324,1496.458,1399.196,1633.189,1519.773,1128.318,1301.603,1628.644,1633.916,1563.948,1147.925,1150.79,1892.142,885.376,1014.999,1012.38,625.215,1075.109,1006.143,998.391,599.441,1005.858,1137.398,694.763,597.18,982.935,1038.866,980.97,901.675,924.115,557.972,881.84,847.349,921.936,451.164,846.184,915.946,846.582,919.781,566.423,1667.828,1561.697,1186.227,1696.216,1173.577,1832.741,618.003,1826.86,1512.342,1400.542,1750.028,1505.254,1040.281,1742.29,977.318,573.43,978.641,972.607,851.284,656.843,1071.94,963.762,571.846,956.599,901.927,546.303,462.253,834.202,915.38,922.18,855.094,855.308,906.35,845.657,473.223,943.884,824.794,550.759,967.454,858.876,862.92,1421.318,1875.91,984.543,1409.208,1115.421,1685.638,1353.606,1512.945,1440.222,943.935,1597.747,1585.207,1302.194,967.861,861.99,825.857,821.247,824.404,862.517,448.658,965.074,885.05,930.327,847.577,856.992,449.435,1166.994,839.614,844.963,919.703,840.019,558.708,991.092,951.827,554.221,1028.971,948.385,1006.289,687.472,466.673,925.308,1655.3,1397.6,1011.625,1716.897,1221.333,1877.223,1098.237,1549.471,1504.178,1024.314,1590.439,1226.798,1410.911,1301.758,820.237,824.214,822.949,428.305,841.536,870.126,852.993,528.016,610.256,862.951,975.01,1079.572,715.193,955.196,954.462,662.465,946.91,954.206,664.042,611.783,947.314,690.794,983.135,979.003,943.536,550.105,915.035,1561.016,1337.046,1275.523,1299.389,1197.696,1827.46,1253.928,1214.911,1406.109,1510.451,1762.512,1600.299,536.33,1085.364,860.262,862.027,869.052,462.968,856.503,464.067,617.29,935.1,615.243,463.85,849.302,870.539,602.393,1170.407,1167.66,912.795,775.26,1253.253,533.884,448.967,834.045,981.094,453.058,922.564,836.117,902.839,513.615,1677.171,1616.36,1047.086,1297.718,1319.624,1681.31,1440.188,1565.276,1495.348,1341.219,1466.647,1708.689,1397.939,1131.332,855.801,859.855,467.208,850.598,856.485,466.873,949.23,895.446,565.792,468.284,849.204,943.033,527.801,850.319,854.983,615.018,848.692,858.191,565.066,870.561,848.001,467.526,860.654,1042.245,552.335,693.531,1043.708,1460.664
Dryer_AP,4.033,4.033,2.054,0,0,1.828,1.828,0,0,2.64,2.64,2.667,2.667,0,2.406,2.406,0,0,2.108,2.108,1.963,1.963,4.449,4.449,0,0,0,0,0,2.06,2.06,4.456,2.42,2.42,4.204,2.826,2.026,4.109,2.209,2.209,4.323,0,0,0,2.547,2.547,2.255,2.255,3.052,3.052,1.748,3.049,3.049,2.221,4.178,4.178,1.903,1.903,0,0,0,0,2.311,3.802,4.267,0,1.868,1.868,2.783,2.783,0,0,0,1.844,1.844,4.088,4.088,1.849,1.849,0,2.696,2.696,4.023,1.987,4.054,4.054,2.013,0,2.782,2.782,4.222,1.947,1.947,3.985,2.099,2.099,4.055,2.688,4.307,4.307,2.337,2.337,4.36,4.36,1.824,4.11,4.11,2.856,2.856,4.075,4.075,2.514,2.514,0,2.197,2.197,0,1.915,1.915,4.54,4.54,2.017,2.017,4.329,0,3.356,3.93,3.93,0,2.277,2.277,4.018,2.397,2.397,4.228,2.6,2.6,4.193,0,2.725,4.416,4.416,2.341,2.341,4.138,4.138,0,0,0,0,0,0,2.041,4.354,4.354,2.148,4.08,4.08,0,0,3.284,3.137,0,0,2.228,4.069,4.069,1.843,0,0,0,0,0,0,0,2.616,2.616,2.033,4.13,4.13,0,0,0,0,0,0,0,2.234,2.234,0,2.403,2.403,0,0,0,3.334,2.707,0,0,0,0,2.37,4.025,4.025,1.906,4.29,4.29,1.871,4.269,4.269,2.045,2.045,4.086,0,0,0,0,0,0,0,2.16,2.16,4.366,2.117,2.117,0,0,3.408,2.976,0,0,1.809,1.809,4.398,1.884,1.884,3.9,2.197,2.197,0,0,0,0,0,0,0,2.247,2.247,2.231,2.231,4.265,4.265,0,0,0,0,0,1.762,1.762,0,1.81,1.81,4.236,4.236,1.973,4.267,4.267,1.911,0,1.727,1.727,4.32,4.32,0,0,0,0,0,0,0,1.841,4.253,4.253,1.642,1.642,0,2.063,2.063,4.423,0,2.205,4.392,4.392,2.112,4.123,4.131,1.837,1.837,3.805,2.566,2.566,0,2.276,2.276,4.472,4.472,1.867,4.123,4.123,2.032,2.032,4.371,0,0,0,0,0,0,2.364,2.364,4.241,2.615,2.899,4.214,4.214,1.852,2.141,0,0,0,0,0,2.75,2.75,4.086,3.031,3.96,3.96,2.974,4.148,2.943,2.943,3.981,2.744,2.399,4.135,2.389,4.212,4.212,0,1.939,1.939,4.018,4.018,0,0,2.376,2.376,4.261,3.001,4.129,4.129,2.486,2.486,4.066,2.697,3.996,3.996,2.113,3.944,3.944,0,2.017,4.061,4.061,0,2.444,2.444,0,1.789,4.105,4.105,0,0,1.93,1.93,0,0,2.373,2.373,4.292,4.292,3.659,3.783,0,0,1.911,1.911,0,0,0,2.188,2.188,4.385,4.385,0,2.345,2.345,3.944,2.186,2.186,0,0,2.244,2.244,0,1.74,1.74,4.301,4.301,2.202,4.284,4.284,2.261,2.261,4.137,2.979,2.411,0,0,0,2.458,3.658,3.658,0,2.121,2.121,3.754,2.161,2.161,3.42,1.899,1.899,3.984,3.984,0,2.127,4.384,4.384,1.636,4.259,4.259,1.749,0,0,2.389,2.389,3.999,2.36,2.36,3.881,0,2.794,4.145,4.145,2.28,2.28,3.851,0,1.712,3.832,3.832,0,1.879,3.949,3.949,1.986,1.986,0,0,1.773,1.773,4.127,4.127,2.205,4.369,4.369,1.744,4.018,4.018,0,1.711,4.521,4.521,2.781,3.93,3.93,2.109,2.109,0,0,1.897,4.226,4.226,2.56,2.56,3.866,3.866,2.57,0,0,0,2.21,4.653,4.653,0,2.381,2.381,4.167,0,1.803,1.803,4.35,4.35,2.014,3.981,3.981,2.135,3.927,4.244,2.278,2.278,3.948,1.861,1.861,4.037,4.037,1.936,1.936,4.001,1.833,1.833,0,0,2.415,2.415,0,2.207,2.207,4.486,4.486,2.017,4.363,4.363,2.012,2.012,4.495,4.495,2.629,2.629,4.606,2.111,3.507,0,1.905,1.905,3.962,3.962,2.112,4.08,4.08,1.855,1.855,3.726,1.895,1.895,3.763,3.763,0,0,0,0,2.317,2.317,0,0,0,0,0,0,1.895,1.895,4.392,2.213,2.213,4.452,3.215,2.445,4.307,4.307,1.805,1.805,4.264,0,2.531,2.531,3.925,1.882,4.219,4.219,0,2.021,2.021,4.155,2.309,2.309,4.196,4.196,2.195,2.195,4.234,4.234,2.489,2.489,4.42,2.159,2.159,0,0,1.781,3.796,3.796,2.235,2.235,3.762,3.762,0,1.911,3.671,3.671,0,0,0,0,2.692,3.733,3.733,0,2.326,4.078,4.078,0,1.896,4.141,4.141,2.634,2.634,4.123,0,2.433,2.433,4.054,4.054,1.776,3.573,1.973,0,2.234,2.234,0,2.534,2.534,4.203,0,0,1.729,1.729,0,0,0,0,1.905,1.905,0,0,1.771,1.771,3.937,0,0,2.192,2.192,4.24,4.24,1.799,4.403,3.545,2.877,2.305,3.743,3.743,0,2.324,2.324,3.955,0,2.304,2.304,4.024,2.243,2.243,4.019,4.019,0,2.151,4.295,4.295,0,2.229,2.229,4.331,4.331,0,0,2.546,2.546,4.562,3.366,2.659,1.883,3.995,3.995,0,1.852,1.852,4.132,2.212,2.212,4.136,4.136,0,0,0,1.812,1.812,0,0,1.796,1.796,0,0,0,1.797,1.797,0,0,0,0,0,1.951,3.856,3.91,0,0,0,0,0,0,2.438,2.438,0,0,1.809,4.347,4.347,1.912,4.076,4.076,1.928,1.928,4.362,4.362,0,0,0,0,0,2.415,2.415,4.315,2.302,4.313,3.424,0,0,0,0,2.152,2.152,4.13,0,0,1.798,1.798,0,0,0,2.146,2.146,0,0,0,0,1.778,1.778,4.115,0,0,0,1.899,1.899,4.075,0,0,0,3.306,3.992,3.992,2.524,3.669,3.669,0,2.063,2.063,3.861,3.861,1.756,1.756,0,0,0,2.371,2.371,0,0,0,1.925,1.925,4.433,0,0,0,1.965,1.965,0,0,2.194,2.194,1.876,0,0,1.997,1.997,0,2.289,3.993,3.993,2.021,2.021,3.937,1.978,1.978,3.841,0,1.876,4.131,4.131,2.709,2.709,3.891,0,0,0,2.024,4.441,4.441,0,0,1.945,1.945,3.141,3.531,0,2.216,4.081,4.081,0,3.794,2.373,2.373,0,0,2.319,2.236,3.815,2.6,2.6,3.835,3.014,1.848,4.128,4.128,2.263,2.263,4.14,0,2.141,2.141,0,2.252,2.252,4.491,4.491,3.224,1.932,1.932,0,0,4.244,4.244,2.411,4.048,4.048,1.997,4.068,4.068,2.274,2.274,0,1.904,1.904,4.092,4.092,1.908,4.355,4.355,1.739,4.02,4.02,2.204,2.204,0,1.947,1.947,4.275,2.252,2.252,3.975,3.975,2.222
OfficeOutlets_AP,18.06,15.395,17.976,17.976,18.288,15.474,15.319,15.285,18.225,17.562,17.943,15.585,18.057,15.54,18.965,15.571,0,18.373,15.515,17.978,18.348,15.648,0,0,0,0,0,0,0,0,0,0,0,0,18.625,18.127,0,0,0,0,0,0,0,20.86,15.13,0,0,0,19.935,15.588,0,0,0,0,0,0,18.17,15.422,15.447,0,15.589,18.194,15.433,15.251,15.154,15.66,15.429,17.495,15.595,17.923,18.29,19.177,16.661,0,0,0,16.46,16.434,18.631,16.242,18.936,16.069,18.992,15.872,18.198,16.038,18.028,15.73,19.251,15.777,19.495,19.495,18.52,15.755,0,0,0,18.918,15.788,0,0,0,0,0,0,18.281,15.672,15.583,0,0,21.332,18.082,18.082,18.268,19.201,18.229,15.38,18.27,15.621,18.198,15.529,0,0,0,0,19.946,17.266,21.659,15.543,18.469,15.365,16.236,17.978,15.618,0,20.575,18.563,15.552,18.07,17.687,19.712,15.566,18.71,15.504,18.434,17.904,21.06,16.604,18.252,19.583,17.844,18.718,18.036,15.597,0,0,0,18.277,15.667,15.751,15.816,17.779,17.628,18.284,15.585,16.677,15.808,18.211,0,0,0,0,0,0,0,15.622,18.288,15.605,15.565,15.627,16.149,15.501,18.212,18.178,15.846,15.573,15.628,15.536,18.136,15.563,18.337,15.62,15.444,16.262,15.638,20.642,18.105,18.133,18.116,15.792,15.64,15.789,15.508,18.033,18.121,18.157,18.387,15.766,15.65,15.887,17.89,15.619,15.891,18.701,15.923,15.761,18.014,18.432,18.393,15.732,15.771,17.759,18.551,18.015,15.611,17.566,18.078,18.149,18.242,15.603,19.456,17.624,15.446,17.528,18.635,18.489,17.637,15.552,15.477,17.912,15.482,17.968,17.937,17.903,15.536,15.594,16.041,17.706,15.586,18.239,15.676,15.55,15.799,18.003,17.903,17.812,17.578,17.958,15.645,15.511,17.377,15.313,15.328,15.497,15.561,17.755,17.968,15.307,15.441,15.479,15.56,15.836,18.003,17.643,18.02,17.97,17.999,0,17.941,17.514,15.531,17.932,18.071,17.971,15.553,18.608,15.595,17.908,18.955,15.627,15.627,17.78,18.388,20.109,17.474,17.944,17.969,15.43,17.784,15.605,17.963,17.983,15.677,15.539,17.917,17.914,15.58,17.869,15.543,15.63,15.534,15.717,15.645,15.629,15.588,17.961,18.021,15.551,15.603,15.498,18.859,15.596,17.573,15.148,15.245,15.47,17.287,15.334,15.406,15.417,17.671,15.428,15.774,15.25,17.816,15.212,18.823,15.184,17.361,14.96,15.148,17.237,15.092,15.105,17.714,15.61,15.602,15.46,15.551,18.052,17.852,15.532,15.547,17.913,17.771,17.764,15.441,18.909,18.767,17.433,17.277,15.129,15.431,19.292,15.63,17.702,17.751,15.606,15.466,15.326,17.744,15.469,17.803,17.606,17.838,18.134,15.539,15.359,15.533,15.455,17.99,18.861,15.033,29.035,30.085,31.846,32.494,30.402,30.486,32.01,32.783,30.466,35.812,30.577,30.602,32.455,33.105,32.323,30.521,33.045,30.476,32.786,32.784,32.765,35.079,30.436,33.021,30.494,30.313,30.505,32.87,30.605,30.594,30.744,32.741,30.45,29.658,25.398,27.256,25.377,21.948,21.285,20.733,22.124,21.611,21.289,19.125,18.421,18.212,18.066,19.652,19.176,17.434,20.243,17.064,17.272,17.074,19.223,19.283,16.726,18.589,18.866,17.99,18.022,15.741,18.203,15.956,18.148,18.657,17.327,17.935,15.551,17.973,15.548,18.219,18.752,17.958,15.59,17.52,15.627,15.365,16.016,17.981,17.981,17.968,17.953,15.574,16.046,15.746,17.912,15.652,15.68,15.79,15.795,18.228,16.987,15.827,15.653,15.819,15.919,15.909,0,18.026,15.711,17.868,17.492,15.617,15.551,15.437,18.016,15.665,17.931,19.083,18.04,15.707,15.66,17.967,15.626,15.639,15.547,15.562,15.605,15.389,17.879,15.539,15.406,15.273,17.816,15.634,17.683,17.851,18.055,15.581,15.504,15.717,17.929,17.959,17.907,17.499,15.482,17.241,15.565,17.764,17.309,15.679,15.38,15.566,15.582,18.116,15.444,17.8,17.694,17.844,17.838,15.602,15.479,15.718,17.957,15.529,18.026,15.74,17.793,17.975,15.686,17.956,15.483,15.504,15.732,17.859,15.616,15.743,15.836,15.628,15.755,15.691,15.527,17.836,17.989,18.581,17.923,15.607,17.995,17.1,19.051,17.972,15.658,15.505,17.848,17.869,15.366,15.347,0,17.573,17.588,17.787,17.618,17.612,17.834,15.368,17.825,15.795,15.481,15.548,18.061,18.037,15.558,15.654,18.14,17.852,17.902,15.398,17.756,17.935,17.67,15.389,17.081,15.706,19.194,15.559,15.587,17.903,17.939,17.572,18.101,17.899,17.945,17.407,15.724,15.484,17.952,15.559,15.699,17.723,17.896,15.756,21.15,17.72,15.624,15.644,15.714,17.779,15.728,15.703,16.086,15.671,15.804,15.565,15.572,17.928,17.311,15.459,17.924,15.579,15.597,17.815,15.4,15.591,15.549,19.081,15.456,15.402,19.192,15.634,15.557,18.368,15.417,15.499,15.394,18.269,15.397,15.542,18.109,15.768,16.219,15.604,18.307,18.768,15.561,18.438,15.696,15.627,18.422,15.688,19.242,21.809,15.634,18.319,19.148,19.384,18.329,15.651,18.215,18.28,15.79,18.44,16.071,18.25,15.604,17.93,18.372,15.621,17.77,15.997,18.504,20.278,15.501,18.341,18.514,18.692,18.703,18.748,18.155,15.748,18.828,18.619,19.954,21.56,15.702,15.726,18.649,15.946,15.635,15.537,15.455,18.443,18.148,18.469,15.38,15.373,15.551,15.539,18.209,15.665,15.732,15.843,19.839,15.939,16.365,16.189,15.742,18.62,15.627,18.267,15.71,0,18.147,18.372,18.23,18.195,20.46,18.17,18.339,18.223,15.415,18.25,15.442,18.279,15.368,18.304,16.118,18.162,15.309,18.462,18.132,15.287,15.253,15.35,18.079,15.187,15.418,18.173,17.991,15.513,15.167,15.395,15.333,18.322,15.447,18.328,0,18.232,17.574,18.185,15.314,18.108,17.345,18.19,15.379,0,18.408,18.775,15.845,18.576,15.843,0,0,0,21.344,18.859,15.901,15.81,18.863,15.851,15.894,18.916,18.363,18.805,15.995,18.513,15.706,18.741,18.658,21.893,15.638,15.649,15.761,18.662,18.608,17.969,17.601,18.211,16.345,15.424,15.365,15.244,0,17.746,15.298,14.972,17.9,15.178,15.193,17.981,15.26,15.165,15.116,17.415,17.997,17.901,18.024,18.017,15.109,15.242,15.308,15.203,15.181,15.008,15.262,17.827,17.879,17.904,17.954,17.954,17.914,17.944,15.248,17.89,18.138,18.227,18.487,15.572,18.057,15.431,15.464,17.646,18.445,18.372,18.407,18.523,18.812,16.031,18.259,15.82,19.156,15.748,18.724,15.868,16.532,20.055,15.771,18.43,15.676,15.547,15.566,15.451,18.121,15.568,15.649,15.479,17.81,15.494,0,0,18.268,15.577,15.463,15.675,15.655,17.661,18.683,15.65,18.306,15.47,18.155,17.849,17.91,15.521,15.484,15.675,18.005,20.803,15.32,15.517,17.897,17.111,17.739,17.531,17.367,15.296,15.223,15.263,18.227,15.355,20.021,15.166,18.072,15.263,18.114,19.793,18.454,19.914,15.697,18.413,15.531,15.538,15.694,18.579,18.579,18.578,15.627,15.72,15.599,18.494,18.562,15.596,15.612,18.394,18.437,18.291,15.812,15.608,18.247,18.146,18.068,15.131,15.313,15.349,15.149,17.959,15.308,15.151,15.087,18.001,17.884,15.111,15.26,18.12,15.259,15.306,15.32,17.731,15.468,15.316,17.987,15.359,17.961,15.115,15.075,15.258,17.966
LivingRoomOutlets_AP,94.297,94.514,96.449,93.648,93.676,96.078,95.403,95.51,94.362,94.549,94.164,95.037,95.037,94.894,93.596,94.475,94.985,93.435,92.723,92.493,92.98,93.94,92.345,93.857,92.016,94.367,93.856,91.022,91.335,91.099,93.826,92.488,93.918,93.918,94.741,94.252,94.252,95.984,95.984,96.416,98.084,0,0,100.413,98.269,0,0,99.314,98.364,98.181,0,0,0,0,0,0,0,99.774,97.854,97.22,97.452,98.535,97.26,96.735,97.605,96.261,97.111,98.958,97.899,96.656,98.222,98.031,97.071,97.071,0,0,0,0,100.152,98.78,0,100.232,102.097,100.612,102.868,101.341,101.185,0,102.975,102.155,103.12,103.12,101.855,0,0,0,0,99.743,99.743,98.301,98.791,99.418,99.966,100.54,99.745,97.748,99.885,98.303,99.636,97.725,99.422,99.777,98.173,99.595,100.241,98.799,0,0,0,99.675,99.675,0,0,0,0,98.39,97.608,130.007,120.47,151.127,116.635,140.066,120.354,116.879,119.437,123.617,121.973,126.043,114.316,147.984,127.585,122.894,119.783,124.229,122.814,129.853,121.317,146.771,120.295,118.567,120.109,115.417,121.046,116.478,118.245,118.751,119.901,132.01,116.106,119.396,119.478,121.876,119.925,129.204,139.008,118.28,121.084,119.539,117.289,0,0,0,0,0,0,117.656,119.236,121.878,121.042,122.923,117.802,116.816,117.613,117.236,117.753,125.247,117.123,118.928,120.825,117.786,119.493,119.357,121.667,121.509,116.009,120.579,120.006,125.429,119.847,128.951,119.812,126.668,120.008,119.06,116.375,116.481,113.85,116.487,115.976,117.862,120.491,117.697,117.205,118.471,119.292,116.126,115.425,118.433,111.413,116.452,117.725,118.203,118.768,117.374,112.926,117.022,112.375,111.838,113.159,114.402,116.018,124.91,122.531,116.779,118.584,113.933,114.166,121.741,117.331,123.954,126.909,123.532,119.55,120.355,122.035,120.305,118.807,113.477,116.684,115.733,118.853,114.729,113.524,114.945,112.724,115.233,112.371,115.727,113.94,113.303,112.706,114.665,112.164,112.217,110.479,114.367,111.013,113.149,112.614,115.069,117.849,112.118,114.101,121.625,113.235,115.808,113.162,112.539,112.193,113.066,115.927,114.691,115.821,118.213,115.68,114.862,113.876,114.499,114.554,119.221,116.632,114.781,115.259,113.732,115.866,117.326,116.455,116.007,134.065,114.686,112.843,116.749,113.414,118.371,115.313,114.146,115.832,117.024,112.893,100.63,100.008,101.536,100.829,97.861,99.6,99.048,99.919,98.418,100.025,99.668,101.283,101.283,100.809,102.107,0,101.04,101.37,99.41,99.717,98.194,98.44,99.038,98.534,100.53,0,100.375,100.375,99.635,101.912,102.138,101.002,0,101.324,104.439,102.215,99.299,99.417,100.084,101.808,101.961,102.346,101.673,102.539,101.699,98.369,100.92,100.048,100.587,98.965,101.019,101.019,99.738,99.738,100.498,100.498,101.324,100.263,0,100.698,100.698,0,101.097,101.097,100.586,100.586,101.002,0,102.101,101.099,101.608,101.189,149.56,99.525,100.728,100.3,99.784,98.885,98.711,100.805,102.016,101.047,99.328,100.982,100.919,101.157,99.208,99.799,100.271,101.207,100.406,100.321,0,102.261,100.818,101.338,101.338,101.718,102.08,101.796,100.939,100.485,101.056,101.188,101.405,100.075,100.075,100.5,100.5,100.397,101.238,99.773,102.124,101.499,100.272,101.549,101.687,99.108,102.236,99.879,99.088,98.833,99.328,101.533,101.092,101.305,100.224,101.236,101.492,100.643,100.502,102.303,101.831,102.259,100.793,101.658,100.948,100.1,101.8,102.021,102.149,0,0,107.931,126.239,101.135,101.012,99.963,102.103,100.799,101.817,100.625,100.468,101.606,101.606,101.713,101.713,101.359,100.526,100.811,100.695,100.518,99.187,100.764,100.328,100.5,98.11,99.086,101.093,99.528,102.513,99.863,100.181,101.894,0,0,97.952,99.766,0,0,100.113,100.113,0,0,99.922,102.359,0,98.911,98.911,0,98.103,99.469,101.191,99.605,99.848,99.848,99.257,99.257,0,97.743,97.021,96.551,98.57,98.457,98.143,100.098,98.145,99.955,99.812,96.868,97.728,100.341,98.853,100.269,98.188,100.491,127.446,98.872,100.177,99.374,98.432,100.047,99.267,98.953,101.037,99.284,100.984,101.334,100.513,0,0,0,100.621,100.621,0,0,101.257,101.821,100.315,101.149,101.078,100.78,99.471,99.57,98.623,98.599,100.662,102.236,101.609,100.371,102.709,100.681,102.682,102.584,101.451,102.805,102.805,0,0,100.455,100.455,0,0,0,0,100.038,98.731,99.566,99.708,99.708,99.438,98.683,97.847,99.815,99.068,98.742,98.81,98.723,0,0,0,97.699,98.667,99.389,99.412,98.522,101.349,99.986,99.891,99.962,99.811,97.721,100.596,99.61,97.575,117.255,117.499,139.815,139.548,137.927,135.971,0,0,135.355,133.347,0,135.326,134.033,134.27,134.545,133.401,0,134.95,134.95,134.457,133.218,132.771,0,0,132.617,132.617,133.822,132.3,132.449,133.48,134.383,130.722,133.158,131.899,131.788,134.54,132.487,134.365,134.31,133.801,134.546,135.06,136.878,0,135.413,135.735,139.792,136.069,136.043,0,0,138.658,137.097,0,0,0,0,0,0,137.267,138.589,135.844,0,137.753,137.753,137.03,137.03,136.957,135.907,135.916,134.301,134.529,137.257,136.095,136.296,134.351,134.523,134.823,134.418,131.79,133.863,133.915,134.814,133.592,133.974,133.974,134.917,136.764,136.945,133.717,135.152,134.2,135.991,134.532,134.532,0,131.656,131.734,135.338,157.091,182.908,0,184.927,185.103,162.489,163.996,0,159.857,145.456,142.102,139.086,137.546,136.295,132.922,129.71,129.45,128.529,124.528,127.029,125.874,122.981,122.975,124.835,125.086,124.346,0,125.281,125.208,125.681,124.191,0,0,0,0,123.409,123.409,119.474,120.663,118.657,117.461,116.438,0,115.12,113.797,113.797,111.969,109.979,0,0,108.252,107.974,107.012,106.278,105.948,103.843,103.575,104.993,102.81,103.792,100.794,101.649,101.384,100.644,99.831,102.089,102.048,100.816,101.063,94.8,94.573,94.573,0,0,0,0,95.216,95.216,0,0,0,0,0,0,0,0,93.925,93.925,97.608,97.608,96.337,0,93.8,94.454,95.3,94.319,95.057,93.706,93.135,93.78,95.029,93.14,92.928,93.067,94.913,93.612,94.351,94.351,0,0,95.3,94.567,94.567,0,96.219,96.219,0,0,0,0,0,0,94.668,93.642,95.068,95.068,94.869,93.571,93.759,94.509,0,0,93.335,93.465,95.078,93.794,95.454,94.164,93.861,94.072,93.285,94.783,93.394,93.957,96.872,96.543,94.497,94.322,0,0,0,95.453,96.594,96.762,95.834,96.616,95.247,95.247,96.617,95.807,95.335,94.152,95.365,94.288,97.595,97.159,95.224,95.614,96.246,96.246,0,97.501,97.501,94.998,95.637,96.039,95.558,94.502,96.246,93.956,95.294,96.302,94.536,96.22,96.209,95.614,95.512,94.407,96.438,96.438,0,94.824,94.824,96.62,95.489,95.859,95.885,96.461,96.461,0,95.143,95.143,97.089,96.745,95.348,96.233,96.843,95.21,95.051,96.978,97.014,94.789,96.682,0,93.964,95.606,93.613,94.979,95.597,96.374,95.921,95.947,94.685,95.819,94.681,96.905,95.178,95.981,96.545,96.53,96.109,95.698,96.014,97.23,96.314,95.995,93.875,95.286,95.006,93.844,94.623,95.381,0,95.412,94.651,95.656,95.685,96.241,94.065,95.229,95.229,0,96.144,94.826,0,95.45,94.361
GuestBathOutlets_AP,0,0,0,0,0,0,0,0,0,0,0,1.608,1.608,0,0,0,0,0,0,0,0,0,0,0,0,0,0,0,0,0,0,0,0,0,0,0,0,0,0,0,0,0,0,0,0,0,0,0,0,0,0,0,0,0,0,0,0,0,0,0,0,0,0,0,0,0,0,0,0,0,0,0,0,0,0,0,0,0,0,0,0,0,0,0,0,0,0,0,0,0,0,0,0,0,0,0,0,0,0,0,0,0,0,0,0,0,0,0,0,0,0,0,0,0,0,0,0,0,0,0,0,0,0,0,0,0,0,0,0,0,0,0,0,0,0,0,0,0,0,0,0,0,0,0,0,0,0,0,0,0,0,0,0,0,0,0,0,0,0,0,0,0,0,0,0,0,0,0,0,0,0,0,0,0,0,1.608,1.608,0,0,0,0,0,0,0,0,0,0,0,0,0,0,0,0,0,0,0,0,0,0,0,0,0,0,0,0,0,0,0,0,0,0,0,0,0,0,0,0,0,0,0,0,0,0,0,0,0,0,0,0,0,0,0,0,0,0,0,0,0,0,0,0,0,0,0,0,0,0,0,0,0,0,0,0,0,0,0,0,0,0,0,0,0,0,0,0,0,0,0,0,0,0,0,0,0,0,0,0,0,0,0,0,0,0,0,0,0,0,0,0,0,0,0,0,0,0,0,0,0,0,0,0,0,0,0,0,0,0,0,0,0,0,0,0,0,0,0,0,0,0,0,0,0,0,0,0,0,0,0,0,0,0,0,0,0,0,0,0,0,0,0,0,0,0,0,0,0,0,0,0,0,0,0,0,0,0,0,0,0,0,0,0,0,0,0,0,0,0,0,0,0,0,0,0,0,0,0,0,0,0,0,0,0,0,0,0,0,0,0,0,0,0,0,0,0,0,0,0,0,0,0,0,0,0,0,0,0,0,0,0,0,0,0,0,0,0,0,0,0,0,0,0,0,0,0,0,0,0,0,0,0,0,0,0,0,0,0,0,0,0,0,0,0,0,0,0,0,0,0,0,0,0,0,0,0,0,0,0,0,0,0,0,0,0,0,0,0,0,0,0,0,0,0,0,0,0,0,0,0,0,0,0,0,0,0,0,0,0,0,0,0,0,0,0,0,0,0,0,0,0,0,0,0,0,0,0,0,0,0,0,0,0,0,0,0,0,0,0,0,0,0,0,0,0,0,0,0,0,0,0,0,0,0,0,0,0,0,0,0,0,0,0,0,0,0,0,0,0,0,0,0,0,0,0,0,0,0,0,0,0,0,0,0,0,0,0,0,0,0,0,0,0,0,0,0,0,0,0,0,0,0,0,0,0,0,0,0,0,0,0,0,0,0,0,0,0,0,0,0,0,0,0,0,0,0,0,0,0,0,0,0,0,0,0,0,0,0,0,0,0,0,0,0,0,0,0,0,0,0,0,0,0,0,0,0,0,0,0,0,0,0,0,0,0,0,0,0,0,0,0,0,0,0,0,0,0,0,0,0,0,0,0,0,0,0,0,0,0,0,0,0,0,0,0,0,0,0,0,0,0,0,0,0,0,0,0,0,0,0,0,0,0,0,0,0,0,0,0,0,0,0,0,0,0,0,0,0,0,0,0,0,0,0,0,0,0,0,0,0,0,0,0,0,0,0,0,0,0,0,0,0,0,0,0,0,0,0,0,0,0,0,0,0,0,0,0,0,0,0,0,0,0,0,0,0,0,0,0,0,0,0,0,0,0,0,0,0,0,0,0,0,0,0,0,0,0,0,0,0,0,0,0,0,0,0,0,0,0,0,0,0,0,0,0,0,0,0,0,0,0,0,0,0,0,0,0,0,0,0,0,0,0,0,0,0,0,0,0,0,0,0,0,0,0,0,0,0,0,0,0,0,0,0,0,0,0,0,0,0,0,0,0,0,0,0,0,0,0,0,0,0,0,0,0,0,0,0,0,0,0,0,0,0,0,0,0,0,0,0,0,0,0,0,0,0,0,0,0,0,0,0,0,0,0,0,0,0,0,0,0,0,0,0,0,0,0,0,0,0,0,0,0,0,0,0,0,0,0,0,0,0,0,0,0,0,0,0,0,0,0,0,0,0,0,0,0,0,0,0,0,0,0,0,0,0,0,0,0,0,0,0,0,0,0,0,0,0,0,0,0,0,0,0,0,0,0,0,0,0,0,0
MasterBathOutlets_AP,0,0,0,0,0,0,0,0,0,0,0,3.416,3.416,0,0,0,0,0,0,0,0,0,0,0,0,0,0,0,0,0,0,0,0,0,0,0,0,0,0,0,0,0,0,0,0,0,0,0,0,0,0,0,0,0,0,0,0,0,0,0,0,0,0,0,0,0,0,0,0,0,0,0,0,0,0,0,0,0,0,0,0,0,0,0,0,0,0,0,0,0,0,0,0,0,0,0,0,0,0,0,0,0,0,0,0,0,0,0,0,0,0,0,0,0,0,0,0,0,0,0,0,0,0,0,0,0,0,0,0,0,0,0,0,0,0,0,0,0,0,0,0,0,0,0,0,0,0,0,0,0,0,0,0,0,0,0,0,0,0,0,0,0,0,0,0,0,0,0,0,0,0,0,0,0,0,3.49,3.49,0,0,0,0,0,0,0,0,0,0,0,0,0,0,0,0,0,0,0,0,0,0,0,0,0,0,0,0,0,0,0,0,0,0,0,0,0,0,0,0,0,0,0,0,0,0,0,0,0,0,4.126,4.126,0,0,0,0,0,0,0,0,0,0,0,0,0,0,0,0,0,0,0,0,0,0,0,0,0,0,0,0,0,0,0,0,4.502,4.502,0,0,0,0,0,0,0,0,0,0,0,0,0,0,0,0,0,0,0,0,0,0,0,0,0,0,0,0,0,0,0,0,0,0,0,0,0,0,0,0,0,0,0,0,0,0,0,0,0,0,0,0,0,0,0,0,0,0,0,0,0,0,4.717,4.717,0,0,0,0,0,0,0,0,0,0,0,0,0,0,0,0,0,0,0,0,0,0,0,0,0,0,0,0,0,0,0,4.772,4.772,0,0,0,0,0,0,0,0,0,0,0,0,0,0,0,0,0,0,0,4.527,4.527,0,0,0,0,0,0,0,0,0,0,0,0,0,0,0,0,0,0,0,0,0,0,0,0,0,0,0,0,0,0,0,0,0,0,0,0,0,0,0,0,0,0,0,0,4.424,4.424,0,0,0,0,0,0,0,0,0,0,0,0,0,0,0,0,0,0,0,0,0,0,0,0,0,0,0,0,0,0,0,0,0,0,0,0,0,0,0,0,0,0,0,0,0,0,0,0,0,0,0,0,0,0,0,0,0,0,0,0,0,0,0,0,0,0,0,0,0,0,0,0,0,0,0,0,0,0,0,0,0,0,0,0,0,0,0,0,0,0,0,0,0,0,0,0,0,0,0,0,0,0,0,0,0,0,0,0,0,0,0,0,0,0,0,0,0,0,0,0,0,0,0,0,0,0,0,0,0,0,0,0,0,0,0,0,0,0,0,0,0,0,0,0,0,0,0,0,0,0,0,0,0,0,0,0,0,0,0,0,0,0,0,0,0,0,0,0,0,0,0,0,0,0,0,0,0,0,0,0,0,0,0,0,0,0,0,0,0,0,0,0,0,0,0,0,0,0,0,0,0,0,0,0,0,0,0,0,0,0,0,0,0,0,0,0,0,0,0,0,0,0,0,0,0,0,0,0,0,0,0,0,0,0,0,0,0,0,0,0,0,0,0,0,0,0,0,0,0,0,0,0,0,0,0,0,0,0,0,0,0,0,0,0,0,0,0,0,0,0,0,0,0,0,0,0,0,0,0,0,0,0,0,0,0,0,0,0,0,0,0,0,0,0,0,0,0,0,0,0,0,0,0,0,0,0,0,0,0,0,0,0,0,0,0,0,0,0,0,0,0,0,0,0,0,0,0,0,0,0,0,0,0,0,0,0,0,0,0,0,0,0,0,0,0,0,0,0,0,0,0,0,0,0,0,0,0,0,0,0,0,0,0,0,0,0,0,0,0,0,0,0,0,0,0,0,0,0,0,0,0,0,0,0,0,0,0,0,0,0,0,0,0,0,0,0,0,0,3.971,3.971,0,0,0,0,0,0,0,0,0,0,0,0,0,0,0,0,0,0,0,0,0,0,0,0,0,0,0,0,0,0,0,0,0,0,0,0,0,0,0,0,0,0,0,0,0,0,0,0,0,0,0,0,0,0,0,0,0,0,0,0,0,0,0,0,0,0,0,0,0,0,0,0,0,0,0,0,0,0,0,0,0,0,0,0,0,0,0,0,0,0,0,0,0,0,0,0,4.034,4.034,0,0,0,0,0,0,0,0,0,0,0,0,0,0,0,0,0,0,0,0,0,0,0,0,0,0,0,0,0,0,0,0,0,0,0
LivingRoomPatioLights_AP,0,0,0,0,0,0,0,0,0,0,0,9.701,9.701,0,0,0,0,0,0,0,0,0,0,0,0,0,0,0,0,0,0,0,0,0,9.972,9.972,0,0,0,0,0,0,0,0,0,0,0,0,0,0,9.483,9.483,0,0,0,0,0,0,0,0,0,0,0,0,0,0,0,0,0,0,0,0,0,0,0,0,0,0,0,0,0,0,0,0,0,0,0,0,0,0,0,0,0,0,0,0,0,0,0,0,0,0,0,0,0,0,0,0,0,0,0,0,0,0,0,0,0,0,0,0,0,0,0,0,0,9.649,9.649,0,0,0,0,0,0,0,0,0,9.455,9.455,0,0,0,0,0,0,0,0,0,0,0,0,0,0,0,0,0,0,0,0,0,0,9.631,9.631,0,0,0,10.21,10.21,0,0,0,0,0,0,0,0,9.525,9.525,0,0,0,0,0,0,0,0,0,0,10.817,10.817,0,0,0,0,0,0,9.597,11.109,0,0,0,0,0,0,0,0,0,0,0,0,0,0,0,0,9.693,9.693,0,0,0,0,0,0,0,0,0,0,0,0,9.682,9.682,0,0,0,0,9.959,9.959,0,0,0,0,0,0,0,0,0,0,0,0,0,0,0,0,0,0,0,0,0,0,0,0,0,0,9.642,9.642,0,0,9.992,9.992,0,0,0,0,0,0,0,0,0,0,0,0,0,0,0,0,0,0,0,0,0,0,0,0,0,0,9.802,9.802,0,0,0,0,0,0,0,0,0,0,0,0,0,0,9.47,9.47,0,0,0,0,0,0,0,9.485,9.485,0,0,0,0,0,9.864,9.278,0,0,0,0,0,0,0,0,0,0,9.013,9.013,0,0,0,0,0,0,0,0,0,0,0,0,0,0,0,0,0,0,0,9.533,9.533,0,0,0,9.402,9.402,0,0,0,0,0,0,0,0,0,0,0,0,10.644,10.644,9.326,9.326,0,0,0,0,0,0,0,0,0,0,0,9.644,9.644,0,0,9.632,9.632,0,0,0,0,0,0,0,0,0,0,0,0,0,0,0,0,0,0,0,0,10.15,10.15,0,0,0,0,0,9.751,10.966,0,0,0,0,0,0,0,0,0,0,0,0,0,0,0,0,0,0,0,0,10.026,10.026,0,0,0,0,10.305,10.305,0,0,0,0,10.89,9.438,0,0,0,0,0,0,0,0,0,0,0,0,0,0,0,9.577,9.577,0,0,0,0,0,0,0,0,0,0,0,0,0,0,0,0,0,0,0,0,0,0,0,0,0,0,0,0,0,0,0,0,0,0,0,0,0,0,0,0,0,0,0,0,0,0,0,0,0,0,0,0,0,0,0,0,0,0,0,0,0,0,0,0,0,0,0,0,0,0,0,0,0,0,0,0,0,0,0,0,0,0,0,0,0,0,0,0,0,0,0,0,0,0,0,0,0,0,0,0,0,0,0,0,0,0,0,0,0,0,0,0,0,0,0,0,0,0,9.698,9.698,0,0,0,0,0,0,0,0,0,0,0,0,0,0,0,0,0,10.69,9.359,0,9.355,9.355,0,0,0,0,0,0,0,0,0,0,0,0,0,0,0,0,0,0,0,0,0,0,0,0,0,0,0,0,0,0,0,0,0,0,0,10.838,10.838,0,0,0,0,0,0,0,11.165,11.165,0,0,0,0,0,0,0,0,0,0,0,0,0,0,0,0,0,0,0,0,0,0,0,0,0,0,0,0,0,0,0,0,0,0,0,0,0,0,0,0,0,0,0,0,0,10.356,10.356,0,9.468,9.928,9.928,0,0,0,0,0,0,0,0,0,0,9.647,9.647,0,10.062,10.062,0,0,0,0,0,0,0,0,0,0,0,0,0,0,0,0,0,0,0,0,0,0,0,0,0,0,0,0,9.811,9.811,0,0,0,0,0,0,0,0,0,0,0,9.81,9.81,0,0,0,0,0,0,0,0,0,0,0,0,0,0,0,0,0,0,0,0,0,0,0,0,0,0,0,0,0,0,0,0,0,0,0,0,0,0,0,0,0,0,0,0,0,0,0,0,0,0,9.511,9.511,0,0,0,0,0,0,0,0,0,9.413,9.413,0,0,0,0,9.56,9.56,0,0,9.399,9.399,0,0,0,0,0,0,0,0,0,0,0,0,0,0,0,0,0,0,0,0,0,0,0,0,0,0,9.371,9.371,0,0,0,0,0,0,0,0,0,0,0,0,0,0,0,0,0,0,0,0,0,0,0,0,0,0,0,0,0,0,0,0,0,0,10.642,10.642,0,0,0,0,0,0,0,0,0,0,0,9.765,9.607,0,0,0,9.632,10.869,0,0,0,0,0,0,0,0,0,0,0,0,0,0,0,0,0,0,0,0,0,0,0,10.044,10.044,0,0,0,0,0
GuestBathHallLights_AP,0,0,0,0,0,0,13.994,13.994,0,0,15.524,14.398,14.398,14.383,14.327,0,0,0,0,0,0,0,0,0,0,0,0,0,0,0,0,0,0,0,0,0,0,0,0,0,0,0,0,0,0,0,0,0,0,0,0,0,0,0,0,0,0,0,0,0,0,0,0,15.788,14.017,14.017,16.139,16.139,0,16.449,15.637,0,0,0,0,0,0,0,0,0,16.434,14.495,0,0,16.721,14.266,14.222,0,16.379,14.592,0,0,0,0,0,0,0,0,0,0,0,0,0,0,0,0,0,0,0,0,15.912,14.076,0,0,108.401,144.113,14.74,0,0,0,0,0,0,0,0,0,0,17.279,16.884,14.618,14.583,14.205,16.112,0,0,17.246,16.852,14.292,14.17,15.862,14.228,14.103,0,0,14.133,15.588,14.469,15.574,14.055,13.973,15.977,16.085,13.902,0,0,0,0,16.148,14.141,16.105,16.02,14.057,14.027,16.333,15.49,14.262,14.582,14.359,0,0,0,0,0,0,0,14.2,14.2,14.759,16.23,16.6,14.191,0,0,0,15.472,14.117,0,14.169,14.088,14.157,14.157,16.372,15.952,0,0,0,16.072,14.452,0,0,16.315,14.896,16.234,16.419,14.432,16.165,14.29,15.924,14.488,16.036,14.444,0,14.433,14.433,14.377,14.377,0,0,0,0,14.214,15.819,15.861,0,0,15.631,13.877,13.848,13.848,0,14.031,15.405,14.236,0,0,0,0,0,0,0,0,0,0,0,15.663,14.302,0,0,0,0,0,0,0,0,0,0,0,0,0,0,0,15.706,15.706,0,0,0,0,0,14.01,14.01,0,0,15.467,14.065,0,0,0,0,0,0,0,0,0,0,16.329,14.279,0,0,14.25,14.298,0,0,0,0,0,0,0,15.575,15.575,0,0,0,0,0,0,0,15.486,14.231,0,15.781,15.919,0,14.139,14.139,0,0,0,0,0,0,0,0,0,0,0,0,0,0,0,0,0,0,0,0,0,0,0,0,0,0,0,0,0,15.708,14.439,0,0,0,0,0,0,0,0,0,0,0,0,0,0,0,0,0,0,0,0,0,0,0,0,0,0,0,0,0,15.776,15.776,0,0,0,0,15.778,15.975,14.436,0,0,0,0,0,0,0,0,0,0,0,0,0,0,0,0,0,0,0,0,0,0,0,0,0,0,0,0,0,0,0,0,0,0,0,0,0,0,0,0,0,0,0,0,0,0,0,0,0,0,0,0,0,0,0,15.733,14.303,0,0,0,0,0,15.68,15.68,0,0,0,0,0,14.383,14.383,0,0,0,0,0,15.908,14.357,0,0,0,0,0,0,0,0,0,0,0,0,0,0,15.546,14.297,0,0,0,0,0,0,0,0,0,0,0,0,0,0,0,15.9,14.475,0,0,0,0,0,0,0,0,0,15.652,14.327,0,0,0,0,0,0,0,0,0,0,0,0,0,0,15.201,15.201,15.184,14.15,0,0,14.199,15.658,0,0,0,15.749,14.294,0,0,0,0,0,0,0,0,0,0,14.291,14.291,0,0,0,0,0,0,0,0,0,0,0,14.368,14.368,15.639,15.639,0,0,15.855,14.247,0,0,0,0,0,0,15.5,14.186,0,0,0,0,13.977,13.977,0,0,0,0,0,0,15.761,14.112,0,0,0,0,0,0,0,0,0,0,0,0,16.071,14.228,0,0,0,0,15.833,14.269,14.269,14.429,14.429,0,0,0,0,0,0,0,14.194,14.194,0,14.102,14.102,0,15.325,14.116,15.411,14.119,14.234,0,0,0,0,0,0,0,0,0,0,0,0,0,0,0,14,14,0,0,0,0,0,0,0,0,0,0,0,0,73.835,14.482,14.482,0,0,0,0,0,0,0,0,0,16.184,16.184,14.423,0,0,0,0,16.386,14.356,0,15.894,15.613,15.613,0,0,0,0,0,0,0,0,0,0,205.253,211.422,16.221,16.221,0,0,0,0,0,0,0,0,15.96,14.404,0,0,211.6,14.359,15.875,15.875,0,47.507,14.49,15.882,15.882,138.966,14.162,14.139,14.139,0,0,0,0,0,0,0,0,0,0,0,15.614,15.614,0,0,0,0,0,0,0,0,0,0,15.912,15.912,14.188,0,15.674,14.024,0,0,0,0,0,0,0,0,0,0,0,0,15.548,15.548,0,0,15.564,13.955,0,0,0,16.228,14.448,14.401,0,0,0,0,0,0,0,0,0,0,0,0,0,0,0,0,0,0,0,0,14.265,14.265,0,15.495,14.006,0,0,0,0,0,0,0,0,0,0,0,0,0,0,0,0,0,0,0,0,0,0,0,0,0,0,0,0,0,0,0,0,15.331,13.897,0,0,0,0,0,0,0,0,0,0,0,15.757,13.974,0,0,0,0,0,0,0,0,0,0,0,0,15.956,15.956,0,0,0,0,0,0,0,0,0,0,0,0,0,0,0,0,0,0,0,0,0,0,0,0,0,0,0,0,0,0,0,0,0,0,0,0,0,0,0,0,0,0,0,0,0,0,0,0,0,0,0,0,0,0,0,16.254,14.239,0,0,0,0,0,15.639,15.639,0,0,0,0,0,0,71.294,108.329,14.63,0,0,0,0,14.154,14.154,0,0,0,0,0,0,0,0,0,0,0,0,0,0,0,0,0,0,0,0,0,0,0
DiningRoomOutlets_AP,0,0,0,0,0,0,22.879,22.879,0,0,24.641,24.316,24.316,24.454,24.324,24.324,0,25.688,23.997,25.543,25.543,0,0,0,0,0,0,0,0,0,0,0,0,0,0,0,0,0,0,0,0,0,0,23.021,23.034,0,0,0,24.662,23.14,0,0,0,0,0,0,0,23.242,23.285,0,0,23.226,23.226,24.986,24.292,24.274,23.584,24.678,23.402,24.815,23.001,23.16,23.16,0,0,0,23.522,23.522,0,0,23.726,23.726,24.753,24.337,24.861,25.272,26.091,24.102,25.884,24.147,26.379,26.379,25.744,24.247,0,0,0,24.012,24.012,0,0,0,0,0,0,0,0,0,0,0,23.689,23.689,0,25.743,23.508,25.319,23.41,0,0,25.305,23.596,0,0,0,0,0,0,24.005,23.485,23.347,23.273,24.967,23.372,0,0,23.767,23.453,23.408,24.093,24.093,25.643,25.241,23.758,0,23.404,25.161,24.213,26.194,23.781,26.007,24.022,23.751,23.97,0,0,0,0,24.119,24.119,24.07,24.07,24.323,23.876,25.843,23.747,23.624,26.804,23.906,0,0,0,0,0,0,0,23.005,25.561,23.818,26.138,26.11,24.116,24.97,0,25.003,23.364,23.275,24.047,23.333,23.858,23.404,25.063,25.413,24.89,23.517,24.681,25.021,23.394,24.555,24.878,23.38,25.435,23.565,23.459,26.016,24.777,23.217,23.675,26.158,25.308,24.105,24.274,0,0,23.951,24.357,25.217,25.371,25.22,23.649,23.649,22.936,22.936,24.288,24.168,22.968,23.18,24.597,24.828,23.325,23.322,23.386,23.303,24.893,23.173,25.532,24.721,24.56,23.128,0,0,24.682,22.897,24.571,24.07,22.912,24.377,22.994,22.94,23.903,24.236,22.74,22.697,0,0,24.017,24.017,22.727,0,24.376,22.714,22.968,22.968,22.43,0,0,0,0,22.323,22.539,22.525,24.214,22.667,25.474,23.283,0,0,0,0,22.801,22.801,22.752,0,0,0,22.924,22.924,0,0,24.584,23.29,22.623,0,0,0,0,24.025,24.025,22.832,24.246,22.638,0,0,0,23.36,23.36,24.155,24.525,24.174,22.691,22.579,22.641,0,22.534,22.586,22.787,0,24.095,24.279,22.683,0,22.627,22.627,22.41,23.928,23.928,23.733,23.899,22.563,22.787,22.787,23.766,23.971,24.338,24.068,24.068,22.653,22.701,22.73,24.412,23.764,22.713,22.724,23.798,22.646,23.114,24.065,22.938,23.95,24.346,23.985,23.926,22.565,23.84,23.917,24.338,22.385,22.434,24.424,24.143,22.647,24.397,22.471,22.503,23.944,22.737,23.928,23.74,23.828,22.606,0,24.935,23.498,22.867,0,23.933,23.933,22.655,22.438,24.429,0,24.272,23.007,22.901,23.01,22.942,24.192,22.647,0,24.167,22.662,25.037,23.597,23.103,22.904,24.628,0,22.723,22.721,24.078,0,22.734,22.734,24.272,22.581,22.832,22.558,22.656,22.531,22.718,23.877,22.918,22.549,22.817,0,24.105,22.725,24.583,23.772,22.813,22.726,0,0,22.875,22.875,23.818,24.643,23.884,24.1,22.812,22.912,22.944,22.944,22.693,22.769,22.769,22.811,24.284,24.157,22.751,24.746,23.118,22.747,24.437,24.547,23.737,24.539,22.822,23.827,23.637,24.454,24.399,24.399,22.876,22.833,23.044,22.677,22.677,0,0,24.396,24.396,23.741,0,0,0,0,24.156,24.156,0,0,0,0,0,0,24.102,23.036,22.71,22.899,23.909,22.999,0,0,0,0,23.875,23.875,0,22.546,22.546,0,23.882,23.882,24.419,22.776,22.8,22.8,0,22.917,23.736,23.736,0,22.802,22.802,22.659,22.659,22.834,0,24.214,22.706,0,0,22.67,22.818,22.895,23.168,24.811,23.191,24.312,22.656,24.27,24.164,22.557,22.752,24.198,23.866,22.559,24.448,22.736,22.584,23.918,24.04,24.429,23.929,22.839,22.511,22.606,22.606,22.989,0,0,0,0,22.598,22.598,0,24.1,24.1,22.702,22.622,23.87,22.871,22.871,22.676,22.67,22.627,22.72,22.815,24.25,24.25,24.046,22.714,22.852,24.207,24.207,23.801,22.645,0,23.477,24.208,22.27,0,0,0,0,24.803,23.603,23.894,23.842,23.899,0,0,22.713,22.632,22.566,22.639,22.697,0,0,23.851,22.472,22.587,22.657,0,0,23.792,24.437,22.742,24.471,23.009,0,23.711,22.441,23.665,22.347,22.347,0,22.692,22.41,23.564,22.382,22.406,22.395,22.545,23.741,22.485,24.089,22.465,22.807,22.807,22.629,23.068,23.068,24.113,22.456,22.629,23.874,22.719,23.681,24.001,24.001,22.616,23.995,22.779,23.014,24.548,22.739,22.883,0,24.45,24.833,23.568,25.032,23.496,23.637,25.403,25.403,23.671,25.331,25.5,24.991,25.184,23.704,23.685,25.333,23.791,25.068,25.457,0,0,23.979,25.344,24.191,0,25.435,23.65,0,0,25.578,25.309,0,0,0,25.935,25.09,23.559,23.558,0,25.559,23.808,23.354,25.315,25.315,23.716,25.187,23.11,23.11,25.318,24.731,0,0,25.798,25.903,26.077,25.584,26.359,24.29,25.35,23.795,25.789,23.972,23.26,23.26,24.966,24.592,25.792,23.605,23.593,23.183,23.17,25.377,23.067,24.901,22.996,23.053,25.65,25.308,23.431,23.349,25.11,23.393,24.903,0,0,0,0,0,0,22.689,22.871,22.902,23.077,23.077,0,0,22.914,22.914,23.099,23.099,24.61,23.343,0,0,0,22.928,23.04,22.555,23.901,22.505,22.505,0,0,0,0,0,23.729,23.729,0,0,0,0,0,0,24.162,24.162,24.369,22.528,23.814,23.814,0,25.735,23.648,23.6,0,0,0,0,0,23.928,23.928,25.316,25.316,0,0,0,0,0,25.284,25.284,0,24.819,24.819,23.687,24.049,23.699,0,0,0,0,0,0,24.65,23.098,24.308,0,0,0,0,22.166,22.166,24.6,24.132,0,24.276,22.661,24.344,22.346,0,24.756,23.092,0,0,22.51,22.51,0,0,0,0,23.937,22.204,23.044,22.409,0,0,0,0,0,25.677,23.231,0,0,0,0,23.008,23.008,22.982,0,25.358,25.408,25.408,0,0,0,0,23.565,23.565,25.355,26.295,24.547,25.726,23.586,25.061,25.061,23.368,23.036,0,22.846,25.563,23.465,0,0,0,0,0,0,0,0,0,0,0,0,24.917,24.917,0,22.952,24.167,22.537,25.183,24.251,22.702,24.509,0,24.669,22.641,24.16,24.16,0,24.644,22.57,24.588,22.708,0,24.295,24.295,0,0,0,0,25.275,23.205,23.408,25.372,23.567,23.247,23.247,25.173,23.711,0,0,0,25.152,25.152,23.391,0,23.529,23.832,25.044,25.029,23.88,25.097,25.347,23.396,24.722,24.157,22.576,22.576,24.851,23.836,23.836,23.781,23.781,0,0,0,0,0,0,24.637,24.637,0,0,0,0,0,24.291,24.291,0,0,0,0,0
OutsideOutlets_AP,0,0,0,0,0,0,0,0,0,0,0,1.421,1.421,0,0,0,0,0,0,0,0,0,0,0,0,0,0,0,0,0,0,0,0,0,2.647,1.634,0,0,0,0,0,0,0,0,0,0,0,0,0,0,0,0,0,0,0,0,0,0,0,0,0,0,0,2.788,2.788,0,0,0,0,0,0,0,0,0,0,0,0,0,0,0,0,0,0,0,0,0,0,0,0,0,0,0,0,0,0,0,0,0,0,0,0,0,0,0,0,0,0,0,0,0,0,0,0,0,0,0,0,0,0,0,0,0,0,0,0,2.555,2.555,0,0,0,0,0,0,0,0,0,0,0,0,0,0,0,0,0,0,0,0,0,0,0,0,0,0,0,0,0,0,0,0,0,2.54,2.322,0,0,0,0,0,0,0,0,0,0,0,0,0,1.397,1.397,0,0,0,0,0,0,0,0,0,0,0,0,0,0,0,0,0,0,2.545,1.507,0,0,0,0,0,0,0,0,0,0,0,0,0,0,0,0,0,0,0,0,0,0,0,0,0,0,0,0,0,0,2.71,1.44,0,0,0,0,0,0,0,0,0,0,0,0,0,0,0,0,0,0,0,0,0,0,0,0,0,0,0,0,0,0,0,0,3.23,3.23,0,0,0,0,0,0,0,0,0,0,0,0,0,0,0,0,0,0,0,0,0,0,0,0,0,0,0,0,0,0,0,0,0,0,0,0,0,0,0,0,0,0,0,0,0,0,0,0,0,0,0,0,0,0,0,0,0,0,0,0,0,0,3.407,3.407,0,0,0,0,0,0,0,0,0,0,0,0,0,0,0,0,0,0,0,0,0,0,0,0,0,0,0,0,0,0,0,3.263,2.412,0,0,0,0,0,0,0,0,0,0,0,0,0,0,0,0,0,0,0,0,0,0,0,0,0,0,0,0,0,0,0,0,2.238,2.238,0,0,0,0,0,0,0,0,0,0,0,0,0,0,0,0,0,0,0,0,0,0,0,0,0,0,0,0,0,0,0,3.07,2.26,0,0,0,0,0,0,0,0,0,0,0,0,0,0,0,0,0,0,0,0,0,0,0,0,0,0,0,0,0,0,0,0,0,0,0,0,0,0,0,0,0,0,0,0,0,0,0,0,0,0,0,0,0,0,0,0,0,0,0,0,0,0,0,0,0,0,0,0,0,0,0,0,0,0,0,0,0,0,0,0,0,0,0,0,0,0,0,0,0,0,0,0,0,0,0,0,0,0,0,0,0,0,0,0,0,0,0,0,0,0,0,0,0,0,0,0,0,0,0,0,0,0,0,0,0,0,0,0,0,0,0,0,0,0,0,0,0,0,0,0,0,0,0,0,0,0,0,0,0,0,0,0,0,0,0,0,0,0,0,0,0,0,0,0,0,0,0,0,0,2.577,1.475,0,0,0,0,0,0,0,0,0,0,0,0,0,0,0,0,0,0,0,0,0,0,0,0,0,0,0,0,0,0,0,0,0,0,0,0,0,0,0,0,0,0,0,0,0,0,0,0,0,0,0,0,0,0,0,0,0,0,0,0,0,0,0,0,0,0,0,0,0,0,0,0,0,0,0,0,0,0,0,0,0,0,0,0,0,0,0,0,0,0,0,0,0,0,0,0,0,0,0,0,0,0,0,0,0,0,0,0,0,0,0,0,0,0,0,0,0,0,0,0,0,0,0,0,0,0,0,0,0,2.675,1.541,0,0,0,0,0,0,0,0,0,0,0,0,0,0,0,0,0,0,0,0,0,0,0,0,0,0,0,0,0,0,0,3.072,2.202,0,0,0,0,0,0,0,0,0,0,0,0,0,0,0,0,0,0,0,0,0,0,0,0,0,0,0,0,0,0,0,0,0,0,0,0,0,0,0,0,0,0,0,0,0,0,0,0,0,0,0,0,0,0,0,0,0,0,0,0,0,0,0,2.608,1.435,0,0,0,0,0,0,0,0,0,0,0,0,0,0,0,0,0,0,0,0,0,0,0,0,0,0,0,0,0,0,0,0,0,0,0,0,0,0,0,0,0,0,0,0,0,0,0,0,0,0,0,0,0,0,0,0,0,0,0,0,0,0,0,0,0,0,0,0,0,0,0,0,0,0,0,0,0,0,0,0,0,0,0,0,0,0,0,0,0,0,0,0,0,0,0,0,2.555,1.515,0,0,0,0,0,0,0,0,0,0,0,0,0,0,0,0,0,0,0,0,0,0,0,0,0,0,0,0,0,0,0,0,0,0,0
CellarLights_AP,0,0,0,0,0,0,0,0,0,0,0,4.015,4.015,0,0,0,0,0,0,0,0,0,0,0,0,0,0,0,0,0,0,0,0,0,0,0,0,0,0,0,0,0,0,0,0,0,0,0,0,0,0,0,0,0,0,0,0,0,0,0,0,0,0,0,0,0,0,0,0,0,0,0,0,0,0,0,0,0,0,0,0,0,0,0,0,0,0,0,0,0,0,0,0,0,0,0,0,0,0,0,0,0,0,0,0,0,0,0,0,0,0,0,0,0,0,82.268,4.262,0,0,0,0,0,0,0,0,0,0,0,0,0,0,0,0,0,0,0,0,0,0,0,0,0,0,0,0,0,0,0,0,0,0,0,0,0,0,0,0,0,0,0,0,0,0,0,0,0,0,0,0,0,0,0,0,0,0,3.968,3.968,0,0,0,0,0,0,0,0,0,0,0,0,0,0,0,0,78.849,4.129,0,0,0,0,0,0,0,0,0,0,0,0,0,0,0,0,0,0,0,0,0,0,0,0,0,0,0,0,0,0,0,0,0,0,0,0,0,0,0,0,0,0,0,0,0,0,0,0,0,0,0,102.718,21.151,4.213,0,0,0,0,0,0,0,0,0,0,0,0,0,0,0,0,0,0,0,0,0,0,0,0,0,0,0,0,0,0,29.223,4.258,0,0,0,0,0,0,0,0,0,0,0,0,0,0,0,0,0,0,0,0,0,0,0,0,0,0,0,0,0,0,0,0,0,0,0,0,0,0,0,0,0,0,0,0,36.674,81.951,12.024,0,37.004,20.258,3.964,0,0,106.412,83.055,0,0,0,0,0,0,0,0,0,0,0,0,0,0,0,0,0,0,0,0,0,0,81.937,81.937,0,0,0,0,0,0,0,0,0,0,0,0,0,0,0,0,0,0,0,0,0,79.145,4.32,0,0,0,0,0,0,0,0,0,0,0,0,0,0,0,0,0,0,0,0,0,0,0,0,0,0,0,0,0,0,0,0,0,0,0,0,0,0,0,0,0,0,0,0,0,0,0,0,0,0,0,0,0,0,0,0,0,0,0,0,100.337,65.079,4.016,64.736,45.533,4.072,0,0,0,0,0,0,0,0,0,0,0,0,0,0,0,0,0,0,0,0,0,0,0,0,0,0,0,0,0,0,0,0,0,0,0,0,0,0,0,0,0,0,0,0,0,0,0,0,0,0,0,0,0,0,0,0,0,0,0,0,0,0,0,0,0,0,0,0,0,38.576,57.049,4.048,0,0,0,0,0,0,0,0,0,0,0,0,0,0,0,0,0,0,0,0,0,0,0,0,0,0,0,0,0,0,0,0,0,0,0,0,0,0,0,0,0,0,0,0,0,0,0,0,0,0,0,0,0,0,0,0,0,0,0,0,0,0,0,0,0,0,0,0,0,0,0,0,0,0,0,0,0,0,0,0,0,0,0,0,0,0,0,0,0,0,0,0,0,0,0,0,0,0,0,0,0,0,0,0,0,0,0,0,0,0,0,0,0,0,0,0,0,0,0,0,0,0,0,0,0,0,0,0,0,0,0,0,0,0,0,0,0,0,32.198,4.194,0,0,0,0,0,0,0,0,0,0,0,0,0,0,0,0,0,0,0,0,0,0,0,0,0,0,0,0,0,0,0,0,0,0,0,0,0,0,0,0,0,0,0,0,0,0,0,0,0,0,0,0,0,0,0,0,0,0,48.526,4.149,0,0,0,0,0,0,0,0,0,0,0,0,0,0,0,0,0,0,0,0,0,0,0,0,0,0,0,0,0,0,0,0,0,0,0,0,0,0,0,0,0,0,0,0,0,0,0,0,0,0,0,0,0,0,0,0,0,0,0,0,0,0,0,0,0,0,0,0,0,0,0,0,0,0,0,0,0,0,0,0,0,0,0,0,0,0,0,0,0,0,0,0,0,0,0,0,0,0,0,0,0,0,0,0,0,0,0,0,0,0,0,0,0,0,0,0,0,0,0,0,0,0,0,0,0,0,0,0,0,0,0,0,0,0,0,0,0,0,0,0,0,0,0,0,0,0,0,0,0,0,0,0,0,0,0,0,0,0,0,0,0,0,0,0,0,0,0,0,0,0,0,0,0,0,0,0,0,0,0,0,0,0,0,0,0,0,0,0,0,0,0,0,0,0,0,0,0,0,0,0,0,0,0,0,0,0,0,0,0,0,0,0,0,0,0,0,0,0,0,0,0,0,0,0,0,0,0,0,0,0,0,0,0,0,0,0,0,0,0
FurnaceHRV_AP,95.632,490.337,68.093,74.748,488.308,497.988,68.368,75.555,492.825,499.093,67.883,464.774,464.774,476.127,478.183,38.092,791.178,532.015,509.276,75.034,504.649,70.986,110.111,502.686,504.373,511.881,512.656,511.877,514.312,514.273,69.847,539.46,472.287,38.066,516.64,472.936,38.356,58.58,477.367,39.111,423.074,465.791,473.559,473.112,325.923,38.152,87.989,470.659,474.255,474.255,240.578,75.823,464.214,246.164,62.221,466.147,389.372,206.946,681.587,668.41,676.569,677.374,670.013,230.882,683.282,501.106,501.471,97.847,645.456,229.462,228.956,643.322,624.51,615.653,184.428,194.355,624.279,619.431,325.903,36.116,467.742,36.521,486.065,402.295,70.275,459.607,37.76,53.127,458.961,37.489,83.63,421.219,37.416,468.369,239.533,36.923,471.116,313.011,82.569,495.409,497.074,69.933,111.159,494.539,503.461,99.847,496.606,498.094,68.145,93.95,492.762,498.833,80.168,458.133,465.598,35.917,40.139,463.612,125.806,80.749,465.277,171.422,35.703,471.044,466.354,472.769,70.93,472.233,467.808,469.494,36.722,84.629,340.8,36.012,486.174,254.609,36.439,471.959,462.848,294.343,70.489,498.645,498.044,68.354,69.151,492.635,495.863,501.604,500.896,501.526,505.03,499.718,499.01,118.8,462.218,34.934,71.579,456.041,0,467.925,468.041,466.559,466.72,466.293,391.962,79.769,460.731,36.294,0,0,0,0,0,0,0,458.558,458.558,172.132,85.451,464.89,525.444,505.662,503.478,509.114,503.594,507.269,503.488,507.925,67.612,503.241,500.883,67.906,79.031,496.121,499.263,474.331,474.763,474.911,0,0,479.513,345.316,75.869,473.446,38.051,58.085,471.411,38.065,88.676,468.059,456.326,37.195,476.51,472.605,473.282,473.282,0,476.672,474.895,474.404,474.856,36.567,542.081,495.019,68.759,67.648,491.362,500.436,499.752,506.67,506.194,504.747,67.694,117.683,494.353,68.739,476.661,462.234,37.246,471.593,461.525,463.255,475.289,475.068,477.189,478.009,475.707,59.831,471.952,37.065,86.915,464.617,470.121,472.995,472.995,475.417,477.031,476.485,37.085,50.726,469.794,36.725,80.979,496.628,497.57,67.689,496.998,68.809,86.878,492.807,69.614,71.93,492.071,501.598,501.096,510.371,510.146,477.827,479.141,478.54,479.795,65.484,477.817,471.575,37.329,486.241,466.677,37.372,480.323,464.93,470.165,81.121,467.256,419.737,38.189,474.089,463.714,37.564,64.175,468.792,37.877,88.421,466.208,37.831,70.205,496.671,504.205,104.759,493.267,499.407,68.535,521.394,499.461,505.241,505.865,512.642,509.645,508.246,478.048,37.049,74.897,474.433,37.475,87.972,467.972,423.927,37.611,466.907,631.491,630.922,634.969,634.032,638.187,57.817,504.005,407.531,71.058,469.679,37.233,52.132,465.354,37.489,88.222,430.133,52.661,499.887,494.636,77.215,492.539,501.035,507.522,68.191,84.759,496.081,509.035,508.556,511.097,67.767,510.059,81.211,54.407,475.703,460.317,37.699,475.328,263.684,75.823,470.663,37.762,58.301,466.729,471.815,370.111,60.326,479.87,476.058,479.321,57.608,474.758,37.559,87.917,475.69,478.205,480.612,482.388,74.524,521.216,506.636,517.908,68.846,517.893,670.077,680.632,680.297,668.477,673.577,670.448,230.805,690.742,674.837,633.492,638.373,186.02,222.163,643.58,634.948,641.376,39.682,71.966,482.449,39.469,507.21,480.314,129.041,38.939,496.897,487.532,39.022,86.315,482.367,486.742,78.744,487.243,480.067,38.921,496.644,537.078,71.066,88.918,507.252,515.887,519.305,69.367,509.378,515.143,518.529,69.728,517.897,518.329,71.756,676.996,482.408,38.959,83.197,477.977,478.408,241.973,81.655,481.615,38.544,68.351,474.992,38.217,52.924,472.144,211.17,38.168,496.884,475.756,37.904,413.146,472.523,335.954,74.515,478.62,480.76,38.368,395.183,505.805,512.037,71.234,508.579,514.31,513.455,69.085,504.491,513.471,70.211,78.151,509.212,517.118,61.546,86.046,475.886,269.751,80.633,471.383,437.275,70.577,472.23,481.859,482.117,136.415,477.457,38.246,49.716,471.173,474.712,38.102,87,472.797,478.87,82.837,472.153,301.048,38.14,76.215,472.94,37.464,98.072,500.913,508.011,510.622,96.24,503.62,503.685,513.193,69.482,537.686,506.24,510.979,69.663,98.111,470.624,477.821,57.524,477.696,57.998,39.7,473.48,414.189,38.126,504.526,479.532,38.575,72.839,483.195,476.919,38.327,492.209,475.621,38.455,55.084,478.012,477.696,38.079,481.255,474.379,38.004,89.225,505.738,70.059,107.686,502.24,507.251,263.039,104.014,508.469,509.702,69.328,534.81,504.75,68.815,532.932,470.812,38.788,87.376,470.244,155.47,78.68,472.095,357.826,37.681,512.292,462.508,35.766,56.957,626.513,631.023,634.978,634.738,636.234,638.621,186.637,621.312,631.793,635.438,629.15,627.538,629.506,535.995,68.7,515.672,505.057,69.271,112.257,503.079,513.364,70.688,512.669,506.319,70.976,523.801,507.115,515.506,39.289,487.781,479.393,88.246,475.068,0,178.187,37.151,477.56,474.07,36.55,79.043,475.72,475.149,35.94,76.816,473.213,320.979,35.841,473.266,461.134,36.047,59.895,465.404,473.479,37.811,502.381,501.256,69.075,71.489,495.369,507.109,509.816,72.136,506.198,503.619,510.853,512.333,509.005,511.921,42.857,475.335,0,271.27,72.284,470.183,471.331,399.99,70.208,471.588,476.38,219.081,491.859,474.176,482.131,37.113,61.625,484.492,375.326,37.685,484.89,480.18,482.716,50.202,484.64,476.41,37.777,547.986,510.02,516.404,517.026,70.942,523.787,509.295,515.829,516.142,516.143,94.988,506.012,506.374,511.316,36.05,500.951,479.063,475.81,475.81,36.421,76.839,471.327,35.995,66.816,468.18,470.585,479.495,65.688,474.512,467.979,244.898,36.28,489.331,470.194,476.845,36.505,486.751,470.351,36.192,53.134,466.499,507.782,512.793,69.362,507.055,508,510.398,69.208,67.527,507.136,505.412,511.401,517.68,67.883,514.718,473.047,479.084,482.671,82.279,481.304,0,432.081,37.062,489.774,471.776,36.993,73.261,465.881,475.232,475.232,0,421.68,47.755,472.976,476.054,475.786,45.089,478.914,0,0,409.349,56.724,505.636,505.442,511.14,510.725,515.584,510.681,261.677,534.747,501.737,508.765,508.787,510.963,515.453,512.817,478.566,36.737,480.012,374.366,374.366,86.779,474.368,401.384,77.401,474.183,464.206,35.931,70.577,469.499,471.979,0,475.81,475.81,0,305.769,35.864,517.413,36.989,57.432,462.923,460.673,489.598,505.995,503.468,508.568,66.084,509.781,493.864,504.388,504.941,76.479,501.608,499.036,504.106,508.119,67.528,473.762,0,0,475.284,475.284,35.556,493.39,469.257,469.905,471.532,160.149,35.364,838.414,467.269,467.269,471.301,476.943,72.251,470.945,268.532,56.508,467.933,462.967,468.683,35.851,61.6,512.248,501.405,80.805,495.701,498.071,504.776,502.255,67.225,505.919,498.202,504.567,504.325,66.883,518.077,497.099,468.478,0,471.933,35.722,491.648,469.686,251.17,35.427,35.617,473.601,468.3,187.414,49.263,471.811,466.947,82.528,463.651,464.885,36.04,86.476,128.061,35.921,481.67,461.395,71.664,53.34,463.36,499.308,67.721,510.465,494.023,502.943,504.023,509.715,94.442,502.447,501.62,502.771,505.245,68.492,108.692,466.936,471.009,294.149,78.895,473.17,36.672,62.78,464.191,36.546,44.75,467.093,222.352,240.916,465.41,394.462,37.166,79.093,461.829,36.061,66.408,463.762,288.438,36.023,479.564,462.047,238.345,83.792,512.838,498.209,68.699,78.624,495.259,498.491,503.947,68.715,515.348,499.48,69.34,493.046,495.701,103.126,465.504,212.048,56.056,458.003,464.823,36.482,498.755,462.769,36.025,82.428,460.514,207.806,74.474,462.992,413.973,61.38,464.611,140.033,36.438,481.143,388.384,36.166,472.546,281.801,36.31,74.018,477.475,69.977
CellarOutlets_AP,0,0,0,0,0,126.393,126.393,0,90.094,19.976,0,132.19,132.19,132.509,132.509,0,0,129.631,129.631,53.632,21.813,0,0,0,0,0,0,0,0,0,0,0,0,0,1032.211,146.075,135.334,134.272,134.272,0,0,0,0,352.703,462.525,0,0,443.522,21.763,21.763,0,0,0,0,0,0,0,0,0,0,0,0,0,956.342,147.204,145.275,144.606,144.606,142.587,140.04,140.783,140.016,137.121,135.19,134.763,134.33,134.665,135.421,134.659,0,132.338,132.338,0,0,0,0,0,130.854,130.854,0,0,0,0,0,0,0,0,0,0,0,0,0,0,0,0,0,0,0,0,0,73.395,21.546,0,0,0,0,0,0,0,0,0,0,0,0,0,1003.848,142.6,0,0,0,129.157,128.423,128.488,128.488,0,0,0,0,0,0,125.804,125.804,0,0,125.349,125.349,21.491,0,0,0,0,0,0,0,0,0,0,0,0,0,1003.577,140.772,140.772,0,0,128.965,128.965,0,0,0,0,0,0,0,0,126.274,126.274,126.535,0,73.046,21.424,0,0,0,0,0,0,0,0,0,0,0,0,0,0,1009.847,142.613,131.219,131.178,0,0,0,129.35,128.892,128.892,127.495,127.495,0,0,0,127.352,127.352,0,93.203,21.915,0,0,0,0,0,0,0,0,0,0,0,0,1024.387,143.409,0,130.042,130.042,130.93,129.477,129.477,0,0,0,0,0,0,0,0,0,0,124.921,122.761,21.28,0,0,0,0,0,0,0,0,0,0,0,0,0,1018.462,141.319,0,0,128.834,128.834,127.209,127.72,0,0,0,125.402,125.402,124.844,124.844,0,0,92.137,20.024,56.231,0,0,0,0,0,0,0,0,0,0,0,0,997.855,176.945,0,163.344,163.24,0,161.828,161.828,0,0,161.406,161.972,161.774,159.269,160.225,160.34,159.028,155.426,51.918,0,0,0,0,0,0,0,0,0,0,50.231,50.231,0,1046.785,174.756,170.627,0,158.133,160.53,154.628,154.628,0,152.504,150.125,0,0,152.631,155.625,149.872,0,0,81.07,40.017,0,0,0,0,0,0,0,0,0,0,0,0,0,1040.372,165.465,151.734,151.734,152.639,0,0,0,0,0,0,0,0,0,0,0,147.951,149.738,0,84.549,40.088,0,41.814,51.639,0,0,0,0,0,0,0,0,0,0,1034.506,171.268,0,163.248,163.847,163.871,161.202,161.3,161.105,0,0,0,158.97,159.844,0,0,0,0,123.329,51.614,0,0,0,0,0,0,0,0,0,0,0,0,0,1058.647,172.301,164.886,163.45,164.255,162.911,161.84,162.433,162.433,161.565,161.063,159.204,159.435,160.818,159.412,158.541,157.775,159.583,0,97.185,51.548,0,0,0,0,0,0,0,0,0,0,0,0,0,774.871,175.253,0,0,162.28,163.371,162.332,162.332,161.323,161.966,159.852,159.852,160.189,160.189,0,0,160.223,160.223,0,152.633,52.321,0,0,0,0,0,0,0,0,0,0,0,0,0,516.239,173.87,0,0,0,159.791,159.791,0,0,0,0,0,0,0,0,0,0,0,0,155.413,50.868,0,0,0,0,0,0,0,0,0,0,0,0,0,0,460.87,168.241,161.174,161.174,159.516,159.109,158.946,0,0,0,0,0,0,0,0,0,0,0,80.36,50.526,0,0,0,0,0,0,0,0,0,0,0,0,0,814.279,169.228,164.245,161.366,161.366,0,0,158.403,158.403,0,0,0,0,0,0,0,0,0,0,67.838,49.601,0,0,0,0,0,0,0,0,0,0,0,0,0,0,171.944,161.449,161.348,160.023,161.188,160.191,159.548,161.066,161.066,158.836,158.836,0,0,0,0,0,0,0,0,69.016,49.49,0,0,0,0,0,0,0,0,0,0,0,0,0,910.012,172.964,159.535,159.276,158.837,157.534,157.246,157.02,155.602,155.602,0,0,0,0,0,0,0,0,93.499,51.564,0,0,0,0,0,0,0,0,0,0,0,0,0,0,686.476,171.176,0,162.404,160.723,160.723,0,0,160.365,160.365,161.318,161.318,160.328,160.328,0,0,0,67.354,53.09,0,0,0,0,0,0,0,0,0,0,0,0,0,757.107,172.854,164.641,164.641,0,0,0,0,0,0,161.967,160.253,160.253,0,0,0,150.982,52.443,0,0,0,0,0,38.126,20.346,0,0,0,0,0,0,1018.462,142.175,0,0,0,0,0,130.378,130.378,0,0,0,0,0,0,0,0,0,106.456,19.796,0,0,0,0,0,0,0,0,0,0,0,0,0,1033.333,144.362,0,131.827,130.657,131.558,0,0,0,0,0,0,0,0,0,0,0,121.967,20.13,0,0,0,0,0,0,0,0,0,0,0,0,914.03,142.078,139.855,0,0,0,0,0,0,0,128.185,128.185,127.446,126.964,0,0,0,0,124.333,20.041,0,0,0,0,0,0,0,0,0,0,0,0,0,0,1022.587,143.753,130.312,130.312,0,0,0,0,0,0,0,0,0,0,0,0,0,116.147,19.948,0,0,0,0,0,0,0,0,0,0,0,0,0,760.037,139.962,144.461,0,131.104,131.104,0,0,0,0,0,0,0,0,0,0,0,0,58.749,19.825,0,0,0,0,0,0,0,0,0,0,0,0,0,892.077,143.278,0,0,0,130.941,130.941,128.861,0,0,0,0,0,392.833,455.836,0,436.07,437.589,418.424,20,0,0,0,0,0,0,0,0,0,0,0,0,0,1066.192,147.829,147.829,0,145.005,145.005,140.894,139.626,138.928,138.123,137.771,134.143,134.471,133.455,132.808,132.198,0,0,0,0,0,0,129.61,128.748,128.748,0,0,0,0,0,0,0,0,0,0,0,0
WashingMachine_AP,0,0,0,0,0,0,0,0,0,0,0,2.05,2.05,0,0,0,0,0,0,0,0,0,0,0,0,0,0,0,0,0,0,0,0,0,0,0,0,0,0,0,0,0,0,0,0,0,0,0,0,0,0,0,0,0,0,0,0,0,0,0,0,0,0,0,0,0,0,0,0,0,0,0,0,0,0,0,0,0,0,0,0,0,0,0,0,0,0,0,0,0,0,0,0,0,0,0,0,0,0,0,0,0,0,0,0,0,0,0,0,0,0,0,0,0,0,0,0,0,0,0,0,0,0,0,0,0,0,0,0,0,0,0,0,0,0,0,0,0,0,0,0,0,0,0,0,0,0,0,0,0,0,0,0,0,0,0,0,0,0,0,0,0,0,0,0,0,0,0,0,0,0,0,0,0,0,2.032,2.032,0,0,0,0,0,0,0,0,0,0,0,0,0,0,0,0,0,0,0,0,0,0,0,0,0,0,0,0,0,0,0,0,0,0,0,0,0,0,0,0,0,0,0,0,0,0,0,0,0,0,0,0,0,0,0,0,0,0,0,0,0,0,0,0,0,0,0,0,0,0,0,0,0,0,0,0,0,0,0,0,0,0,0,0,0,0,0,0,0,0,0,0,0,0,0,0,0,0,0,0,0,0,0,0,0,0,0,0,0,0,0,0,0,0,0,0,0,0,0,0,0,0,0,0,0,0,0,0,0,0,0,0,0,0,0,0,0,0,0,0,0,0,0,0,0,0,0,0,0,0,0,0,0,0,0,0,0,0,0,0,0,0,0,0,0,0,0,0,0,0,0,0,0,0,0,0,0,0,0,0,0,0,0,0,0,0,0,0,0,0,0,0,0,0,0,0,0,0,0,0,0,0,0,0,0,0,0,0,0,0,0,0,0,0,0,0,0,0,0,0,0,0,0,0,0,0,0,0,0,0,0,0,0,0,0,0,0,0,0,0,0,0,0,0,0,0,0,0,0,0,0,0,0,0,0,0,0,0,0,0,0,0,0,0,0,0,0,0,0,0,0,0,0,0,0,0,0,0,0,0,0,0,0,0,0,0,0,0,0,0,0,0,0,0,0,0,0,0,0,0,0,0,0,0,0,0,0,0,0,0,0,0,0,0,0,0,0,0,0,0,0,0,0,0,0,0,0,0,0,0,0,0,0,0,0,0,0,0,0,0,0,0,0,0,0,0,0,0,0,0,0,0,0,0,0,0,0,0,0,0,0,0,0,0,0,0,0,0,0,0,0,0,0,0,0,0,0,0,0,0,0,0,0,0,0,0,0,0,0,0,0,0,0,0,0,0,0,0,0,0,0,0,0,0,0,0,0,0,0,0,0,0,0,0,0,0,0,0,0,0,0,0,0,0,0,0,0,0,0,0,0,0,0,0,0,0,0,0,0,0,0,0,0,0,0,0,0,0,0,0,0,0,0,0,0,0,0,0,0,0,0,0,0,0,0,0,0,0,0,0,0,0,0,0,0,0,0,0,0,0,0,0,0,0,0,0,0,0,0,0,0,0,0,0,0,0,0,0,0,0,0,0,0,0,0,0,0,0,0,0,0,0,0,0,0,0,0,0,0,0,0,0,0,0,0,0,0,0,0,0,0,0,0,0,0,0,0,0,0,0,0,0,0,0,0,0,0,0,0,0,0,0,0,0,0,0,0,0,0,0,0,0,0,0,0,0,0,0,0,0,0,0,0,0,0,0,0,0,0,0,0,0,0,0,0,0,0,0,0,0,0,0,0,0,0,0,0,0,0,0,0,0,0,0,0,0,0,0,0,0,0,0,0,0,0,0,0,0,0,0,0,0,0,0,0,0,0,0,0,0,0,0,0,0,0,0,0,0,0,0,0,0,0,0,0,0,0,0,0,0,0,0,0,0,0,0,0,0,0,0,0,0,0,0,0,0,0,0,0,0,0,0,0,0,0,0,0,0,0,0,0,0,0,0,0,0,0,0,0,0,0,0,0,0,0,0,0,0,0,0,0,0,0,0,0,0,0,0,0,0,0,0,0,0,0,0,0,0,0,0,0,0,0,0,0,0,0,0,0,0,0,0,0,0,0,0,0,0,0,0,0,0,0,0,0,0,0,0,0,0,0,0,0,0,0,0,0,0,0,0,0,0,0,0,0,0,0,0,0,0,0,0,0,0,0,0,0,0,0,0,0,0,0
FridgeRange_AP,201.443,201.489,203.235,201.772,203.403,201.741,199.771,197.777,195.52,197.392,195.461,204.668,204.668,0,204.681,204.681,199.055,198.421,203.622,200.438,200.06,202.888,201.48,9.103,10.33,9.46,9.759,10.49,9.262,10.438,9.178,9.617,8.915,0,0,0,0,0,0,0,0,0,1165.535,203.284,0,0,0,204.276,203.545,198.538,198.538,200.639,201.05,196.215,199.463,8.986,0,10.575,10.575,10.164,9.235,8.212,8.936,8.788,8.451,9.23,10.043,8.524,9.912,9.578,9.636,8.734,9.844,0,0,1155.616,214.412,0,0,0,201.897,201.169,225.983,196.709,220.484,204.523,198.192,203.502,207.075,156.844,8.742,9.319,81.984,9.343,102.25,9.251,0,0,9.991,9.991,9.283,8.368,199.488,204.836,203.849,202.775,203.773,203.705,201.365,202.813,199.696,197.476,197.954,198.53,196.002,195.516,199.266,199.325,0,218.85,194.084,0,0,0,0,0,0,0,0,0,0,0,0,190.565,190.565,0,0,0,0,197.777,197.518,199.203,196.167,193.549,191.125,191.962,191.314,189.256,189.559,187.896,186.784,188.154,186.395,186.848,186.782,0,0,0,0,0,0,186.053,185.831,0,0,0,0,0,0,0,0,0,0,0,0,188.875,188.875,0,0,423.01,462.494,452.522,452.446,448.784,450.388,446.194,452.318,448.036,449.854,449.141,10.096,10.085,9.825,9.291,10.193,9.048,479.103,225.814,0,0,0,0,0,187.89,198.741,0,0,0,0,0,0,213.489,213.489,0,0,201.628,201.755,206.109,205.535,0,199.468,202.22,202.171,200.027,201.582,203.195,197.815,195.899,10.364,9.071,9.486,9.535,9.371,9.383,9.428,9.977,9.315,0,0,0,0,0,0,0,0,1314.975,218.895,202.647,0,0,0,0,0,203.871,203.767,198.941,198.941,202.622,202.044,9.076,0,0,9.394,10.298,9.127,10.184,10.499,9.167,9.218,9.556,9.28,10.253,9.71,9.127,10.448,9.212,9.703,9.208,212.086,212.086,0,0,0,0,204.422,204.422,203.429,198.264,201.868,202.92,201.208,9.409,0,0,0,0,0,0,0,0,0,0,0,10.734,9.738,9.722,9.127,10.459,10.085,213.145,205.827,207.237,204.513,205.266,206.84,204.894,203.249,201.525,199.989,198.746,197.504,203.152,6.805,6.805,7.986,8.843,0,0,0,0,0,0,0,0,6.814,6.814,0,0,0,0,0,608.442,212.037,201.175,201.175,203.283,204.768,203.55,202.862,200.902,198.456,199.613,199.729,202.236,199.848,196.191,9.845,8.872,9.227,7.771,0,8.833,8.833,0,0,0,0,0,0,0,0,0,0,0,1383.808,217.806,203.594,0,0,0,0,206.814,206.332,0,237.77,198.793,206.847,207.623,201.786,201.746,9.532,10.77,10.675,9.898,9.967,9.443,10.447,10.522,10.05,10.503,9.719,0,0,0,65.291,208.981,208.657,0,0,0,0,0,0,209.224,207.87,0,0,201.178,201.178,204.88,204.646,9.198,9.875,0,0,0,10.943,9.259,10.17,10.618,9.182,10.529,9.374,10.72,9.61,10.296,10.284,9.673,9.538,10.494,9.64,1389.862,205.049,0,0,0,0,0,0,206.071,205.641,0,199.881,199.582,200.026,200.026,205.437,144.358,10.025,0,0,0,0,0,0,0,0,9.978,10.648,10.808,10.546,10.763,10.332,10.887,9.199,9.753,10.634,9.479,10.799,9.886,220.737,204.907,206.232,0,0,0,0,0,204.522,204.168,0,201.099,200.949,199.07,203.649,203.423,128.567,9.513,0,0,0,0,77.137,8.886,0,0,0,0,8.931,9.357,10.206,10.183,10.122,10.146,10.487,10.572,436.495,204.467,298.283,207.504,210.294,208.269,207.995,277.101,203.64,202.886,208.419,209.773,209.242,209.677,208.287,207.195,208.347,208.347,207.452,0,208.722,207.675,0,201.615,204.954,204.193,0,206.028,205.443,205.051,0,252.56,199.812,11.228,10.11,10.476,9.462,10.995,10.597,9.661,10.773,9.565,10.884,10.311,209.635,206.824,207.763,206.746,205.894,0,0,0,0,0,0,0,0,200.348,260.706,196.039,196.401,195.389,0,170.172,10.153,0,0,0,0,0,0,0,0,0,9.801,9.009,9.159,9.803,8.828,10.064,10.704,222.775,206.784,207.482,209.253,207.121,207.199,209.65,208.54,0,0,0,0,0,204.849,204.849,0,198.558,198.558,198.316,201.439,201.439,201.981,9.1,0,0,0,0,0,0,0,0,0,0,0,9.924,8.738,10.205,8.889,9.937,216.702,203.784,202.894,204.327,204.417,203.579,202.387,201.969,203.535,201.112,201.189,0,0,201.906,201.355,0,0,195.631,194.664,232.755,292.727,200.325,204.963,204.636,9.366,0,0,0,0,0,0,0,0,0,0,9.86,10.317,9.852,10.135,10.394,10.012,9.367,10.591,9.057,208.403,207.044,204.436,204.344,205.704,204.474,202.31,0,0,0,202.336,202.336,201.881,0,195.434,195.434,0,200.741,199.033,199.251,97.659,8.648,10.132,8.77,0,0,0,0,0,137.048,8.799,0,0,9.312,9.6,9.155,10.261,9.953,9.266,8.884,10.092,889.027,202.227,204.656,205.489,204.815,206.21,203.835,0,0,0,203.37,202.596,0,0,197.36,196.415,195.635,201.08,200.78,199.143,8.442,11.249,9.052,9.052,0,0,0,0,0,0,0,0,9.806,9.202,9.923,9.066,9.755,9.158,9.916,8.605,9.096,8.998,9.264,9.976,9.148,8.799,205.247,203.105,0,0,0,0,0,0,0,0,202.629,201.818,0,196.342,196.342,194.718,198.819,200.72,200.589,0,28.947,11.661,8.445,0,0,0,0,9.672,9.668,9.886,8.569,9.008,8.452,9.762,8.321,8.351,9.513,8.341,8.737,9.529,9.605,8.231,8.155,0,0,386.484,213.851,203.106,0,0,0,0,0,0,0,0,202.026,200.533,0,196.315,195.866,193.567,198.833,198.833,200.293,199.276,152.915,10.647,9.046,9.64,9.241,8.295,9.252,8.797,9.978,8.326,8.616,9.036,8.542,8.898,8.436,8.595,9.634,8.404,0,0,0,0,0,0,0,0,1369.506,213.405,200.511,0,0,0,0,0,0,0,0,202.946,201.632,0,194.981,195.911,195.112,200.702,201.604,197.949,196.388,194.972,9.136,10.157,9.118,9.714,8.837,10.262,9.905,8.556,8.426,8.762,8.503,0,0,0,0,0,0,0,0,0,0,0,0,0,0,0,1377.394,200.32,0,0,0,0,0,0,0,0,202.747,201.297,198.65,195.735,196.862,195.562,198.901,199.345,200.95,197.331,194.958,8.373,9.226,9.709,8.524,8.491,0,0,0,0,0,0,0,0,0,0,0,0,0,0,0,0,0,0,0,0,0,451.257,200.668,200.923,0,203.77,202.096
DisposalDishwasher_AP,31.92,31.947,31.967,32.198,32.083,32.168,32.148,32.108,32.305,32.209,31.979,32.758,32.758,0,0,0,0,32.908,32.908,33.054,32.969,32.917,33.053,32.949,33.101,33.136,33.177,33.236,32.977,33.109,32.916,33.02,32.902,0,0,0,0,0,0,0,0,0,0,0,0,0,0,0,0,0,0,0,0,0,0,0,0,0,32.364,32.382,32.367,31.807,31.927,31.902,31.845,32.418,32.243,32.155,32.33,32.141,32.013,31.966,32.17,0,0,0,0,0,0,0,0,0,0,0,0,0,0,0,0,0,0,0,0,0,0,0,0,0,0,32.145,32.15,31.901,32.052,31.953,32.123,32.012,32.151,31.893,31.992,32.002,31.838,32.049,31.665,31.778,0,0,0,0,0,0,0,0,0,0,0,0,0,0,0,0,0,0,0,0,0,0,0,0,0,0,32.098,31.974,31.907,31.536,31.817,31.814,31.564,31.585,31.806,31.534,31.571,31.403,31.328,31.716,31.247,0,0,0,0,0,0,0,0,0,0,0,0,0,0,0,0,0,0,0,0,31.903,31.903,0,0,0,0,31.807,32.028,31.891,31.956,31.709,31.9,31.791,31.698,31.99,32.257,32.185,32.201,32.035,31.917,31.954,0,0,0,0,0,0,0,0,0,0,0,0,0,0,0,0,0,0,0,0,0,0,0,0,0,31.899,31.991,32.015,32.034,31.903,31.711,31.719,31.919,31.754,32.088,31.909,31.772,31.985,32.168,32.017,32.139,0,0,0,0,0,0,0,0,0,0,0,0,0,0,0,0,0,0,0,0,0,0,0,0,0,31.823,31.876,31.898,31.844,32.142,31.894,32.158,32.295,32.019,32.186,32.123,32.106,32.187,32.296,31.967,32.128,0,0,0,0,0,0,0,0,0,0,0,0,0,0,0,0,0,0,0,0,0,0,0,0,0,32.474,32.428,32.414,32.233,32.271,32.327,32.186,32.043,32.442,32.333,32.352,32.294,32.492,32.336,32.172,32.194,0,0,48.2,375.393,1544.175,1546.073,183.909,182.809,182.96,182.833,195.811,177.125,0,151.966,39.871,175.121,1529.41,1517.055,1531.805,1513.816,1520.385,1528.383,1523.503,1530.481,1517.242,177.261,180.042,178.073,179.875,178.587,179.761,180.308,180.057,179.588,180.373,29.005,178.956,180.555,179.106,28.823,1538.085,1530.002,1535.533,187.977,178.176,0,168.346,32.22,0,0,0,0,0,0,0,0,0,0,0,0,0,0,0,0,0,0,32.342,32.528,32.444,32.377,32.669,32.71,32.786,32.786,32.98,32.942,32.702,32.688,32.711,32.946,32.795,32.899,0,0,0,0,0,0,0,0,0,0,0,0,0,0,0,0,0,0,0,0,0,0,0,0,0,32.92,32.673,32.664,32.681,32.778,32.739,32.594,32.868,32.682,32.746,32.527,32.509,32.594,32.864,32.739,32.899,0,0,0,0,0,0,0,0,0,0,0,0,0,0,0,0,0,0,0,0,0,0,0,0,0,-0,32.671,32.614,32.355,32.87,32.61,32.908,32.425,32.355,32.641,32.649,32.91,32.932,32.712,32.534,32.496,0,0,0,0,0,0,0,0,0,0,0,0,0,0,0,0,0,0,0,0,0,0,0,0,0,32.101,32.094,32.158,32.354,32.18,32.067,32.349,32.244,31.952,32.048,31.975,32.02,32.403,32.132,32.068,32.332,32.291,32.345,32.115,32.155,0,0,0,0,0,0,0,0,0,0,0,0,0,0,0,0,0,0,0,0,0,32.857,32.71,32.385,32.621,32.737,32.59,32.465,32.429,32.365,32.395,32.487,32.337,32.524,32.318,32.381,32.307,0,0,0,0,0,0,0,0,0,0,0,0,0,0,0,0,0,0,0,0,0,0,0,0,0,31.88,31.967,31.903,31.972,31.868,32.173,32.503,32.487,32.204,32.375,32.33,32.473,32.569,32.715,32.667,0,0,0,0,0,0,0,0,0,0,0,0,0,0,0,0,0,0,0,0,0,0,0,0,0,0,31.368,31.401,31.832,31.583,31.669,31.697,31.5,31.345,31.704,31.469,31.872,31.819,31.728,32.042,31.708,31.708,0,0,0,0,0,0,0,0,0,0,0,0,0,0,0,0,0,0,0,0,0,0,0,0,32.549,32.525,32.594,32.647,32.686,32.536,32.609,32.791,32.506,32.507,32.347,32.374,32.243,32.221,32.254,32.133,0,0,0,0,0,0,0,0,0,0,0,0,0,0,0,0,0,0,0,0,0,0,0,0,0,0,32.529,32.453,32.433,32.451,32.633,32.484,32.394,32.537,32.261,32.493,32.474,32.705,32.605,32.721,32.342,0,0,0,0,0,0,0,0,0,0,0,0,0,0,0,0,0,0,0,0,0,0,0,0,0,0,32.41,32.455,32.545,32.548,32.712,32.575,32.417,32.55,32.414,32.461,32.386,32.247,32.172,32.415,32.406,0,0,0,0,0,0,0,0,0,0,0,0,0,0,0,0,0,0,0,0,0,0,0,0,0,0,31.868,32.051,31.914,30.796,31.768,31.924,31.927,31.837,32.035,31.89,31.971,31.818,31.861,31.906,31.875,0,0,0,0,0,0,0,0,0,0,0,0,0,0,0,0,0,0,0,0,0,0,0,0,0,32.047,31.897,31.841,31.817,32.074,32.009,32.07,31.946,32.227,32.198,31.936,32.071,31.824,31.969,32.063,32.062,0,0,0,0,0,0,0,0,0,0,0,0,0,0,0,0,0,0,0,0,0,0,0,0,0,32.31,32.25,32.136,32.227,32.075,32.404,32.403,32.49,32.432,32.42,32.541,32.168,32.187,32.137,32.262,32.062,0,0,0,0,0,0,0,0,0,0,0,0,0,0,0,0,0,0,0,0,0,0,0,0,0,32.338,32.305,32.382,32.4,32.288,32.243,32.382,32.324,32.11,32.161,32.31,32.119,32.31,32.248,32.106,32.331,0,0,0,0,0,0,0,0,0,0,0,0,0,0,0,0,0,0,0,0,0,0,0,0,0,0,32.026
Microwave_AP,0,0,0,0,0,0,0,0,0,0,0,4.34,4.34,0,0,0,0,0,0,0,0,0,0,0,0,0,0,0,0,0,0,0,0,0,0,0,0,0,0,0,0,0,0,0,0,0,0,0,0,0,0,0,0,0,0,0,0,0,0,0,0,0,0,0,0,0,0,0,0,0,0,0,0,0,0,0,0,0,0,0,0,0,0,0,0,0,0,0,0,0,0,0,0,0,0,0,0,0,0,0,0,0,0,0,0,0,0,0,0,0,0,0,0,0,0,0,0,0,0,0,0,0,0,0,0,0,0,0,0,0,0,0,0,0,0,0,0,0,0,0,0,0,0,0,0,0,0,0,0,0,0,0,0,0,0,0,0,0,0,0,0,0,0,0,0,0,0,0,0,0,0,0,0,0,0,4.294,4.294,0,0,0,0,0,0,0,0,0,0,0,0,0,0,0,0,0,0,0,0,0,0,0,0,0,0,0,0,0,0,0,0,0,0,0,0,0,0,0,0,0,0,0,0,0,0,0,0,0,0,0,0,0,0,0,0,0,0,0,0,0,0,0,0,0,0,0,0,0,0,0,0,0,0,0,0,0,0,0,0,0,0,0,0,0,0,0,0,0,0,0,0,0,0,0,0,0,0,0,0,0,0,0,0,0,0,0,0,0,0,0,0,0,0,0,0,0,0,0,0,0,0,0,0,0,0,0,0,0,0,0,0,0,0,0,0,0,0,0,0,0,0,0,0,0,3.19,3.19,0,0,0,0,0,0,0,0,0,0,3.35,3.35,0,0,0,0,0,0,0,4.676,4.676,0,0,0,0,0,0,0,0,0,0,0,0,0,3.783,3.783,0,4.642,4.642,0,0,0,0,0,0,0,0,0,0,0,0,0,0,0,0,0,0,0,0,0,0,0,0,0,0,0,0,0,0,0,0,0,0,0,0,0,0,0,0,0,0,0,0,0,0,0,0,0,0,0,0,0,0,0,0,0,0,0,0,0,0,0,0,0,0,0,0,0,0,0,0,0,0,0,0,0,0,0,0,0,0,0,0,0,0,0,0,0,0,0,0,0,0,0,0,0,0,0,0,0,0,0,0,0,0,0,0,0,0,0,0,0,0,0,0,0,0,0,0,0,0,0,0,0,0,0,0,0,0,0,0,0,0,0,0,0,0,0,0,0,0,0,0,0,0,0,0,0,0,0,0,0,0,0,0,0,0,0,0,0,29.831,40.466,5.001,36.72,4.808,0,0,0,0,0,0,0,0,0,0,0,0,0,0,0,0,0,0,0,0,0,0,0,0,0,0,0,0,0,0,0,0,0,0,0,0,0,0,0,0,0,0,0,0,0,0,0,0,0,0,0,0,0,0,0,0,0,0,0,0,0,0,0,0,0,0,0,0,0,0,0,0,0,0,0,0,0,0,0,0,0,0,0,0,0,0,0,0,0,0,0,0,0,0,0,0,0,0,0,0,0,0,0,0,0,0,0,0,0,0,0,0,0,0,0,0,0,0,0,0,0,0,0,0,0,0,0,0,0,0,0,0,0,0,0,0,0,0,0,0,0,0,0,0,0,0,0,0,0,0,0,0,0,0,0,0,0,0,0,0,0,0,0,0,0,0,0,0,0,0,0,0,0,0,0,0,0,0,0,0,0,0,0,0,0,0,0,0,0,0,0,0,0,0,0,0,0,0,0,0,0,0,0,0,0,0,0,0,0,0,0,0,0,0,0,0,0,0,0,0,0,0,0,0,0,0,0,0,0,0,0,0,0,0,0,0,0,0,0,0,0,0,0,0,0,0,0,0,0,0,0,0,0,0,0,0,0,0,0,0,0,0,0,0,0,0,0,0,0,0,0,0,0,0,0,0,0,0,0,0,0,0,0,0,0,0,0,0,0,0,0,0,0,0,0,0,0,0,0,0,0,0,0,0,0,0,0,0,0,0,0,0,0,0,0,0,0,0,0,0,0,0,0,0,0,0,0,0,0,0,0,0,0,0,0,0,0,0,0,0,0,0,0,0,0,0,0,0,0,0,0,0,0,0,0,0,0,0,0,0,0,0,0,0,0,0,0,0,0,0,0,0,0,0,0,0,0,0,0,0,0,0,0,0,0,0,0,0,0,0,0,0,0,0,0,0,0,0,0,0,0,0,0,0,0,0,0,0,0,0,0,0,0,0,0,0,0,0,0,0,0,0,0,0,0,0,0,0,0,0,0
KitchenLights_AP,8.313,8.219,8.229,8.737,8.488,8.299,8.438,8.345,8.228,8.399,0,8.759,8.759,0,0,0,0,0,8.643,8.878,8.807,8.742,8.869,8.613,8.764,8.742,8.549,8.286,8.498,8.228,8.59,8.524,8.524,0,0,0,0,0,0,0,0,0,9.087,9.087,0,0,0,0,0,0,0,0,0,0,0,0,0,0,8.483,8.327,9.212,8.085,8.099,8.026,7.964,8.097,8.365,8.266,8.273,8.556,8.463,8.381,8.175,0,0,8.742,8.703,0,0,0,0,0,0,9.725,9.725,8.842,8.842,0,8.991,199.311,0,0,0,75.153,8.902,0,0,0,0,0,8.679,8.302,8.849,8.632,8.806,8.437,8.659,8.461,8.583,8.418,8.385,8.689,8.846,8.401,0,0,0,0,0,0,0,0,0,0,0,0,0,0,0,0,0,0,0,0,0,0,0,0,0,0,8.68,8.8,8.333,8.599,9.53,8.406,9.727,9.271,9.443,9.322,9.154,8.781,8.771,9.045,8.717,0,0,0,0,0,0,0,0,0,0,0,0,0,0,0,0,0,0,0,0,8.593,8.593,0,0,8.37,8.37,8.069,8.081,8.401,8.267,8.705,8.47,8.07,8.512,8.375,8.161,8.542,8.176,8.583,8.486,8.48,8.769,8.549,0,0,0,0,0,0,0,0,0,0,0,0,0,0,0,0,0,0,0,0,0,0,0,0,8.885,8.601,8.429,8.562,8.493,8.556,8.426,8.204,8.969,9.074,8.844,8.263,8.174,8.203,8.647,0,0,0,0,0,0,0,0,8.928,8.639,0,0,0,0,0,0,0,0,0,0,0,0,0,0,0,0,0,8.427,8.767,8.086,8.307,8.9,8.567,8.237,8.398,8.447,8.18,8.255,8.543,8.252,8.824,8.625,0,0,0,0,0,0,0,0,0,0,0,0,0,0,0,0,0,0,0,0,0,0,0,0,8.38,8.38,8.362,8.995,8.287,8.22,8.86,8.377,8.564,8.754,8.867,8.506,8.687,9.004,8.374,8.621,0,0,0,0,0,0,0,0,0,0,0,0,0,0,0,0,0,0,0,0,0,0,8.589,8.278,0,8.836,8.729,8.822,8.65,8.65,8.431,9.022,9.013,8.383,9.028,8.617,8.285,8.173,8.268,8.404,7.858,0,0,0,0,0,0,0,0,0,0,0,0,0,0,8.797,8.589,0,9.868,9.868,0,0,0,0,0,0,8.658,8.677,8.635,8.551,8.645,8.566,8.779,8.352,8.69,8.914,8.841,8.329,8.865,8.782,8.435,0,0,0,0,9.411,8.639,0,0,0,0,0,0,0,0,0,0,0,0,0,0,0,0,0,0,0,0,8.37,8.712,8.6,8.519,8.267,8.483,8.452,8.313,8.272,8.208,8.734,8.898,8.457,8.254,8.322,8.929,9.047,0,0,0,0,0,0,0,0,0,0,0,0,0,0,0,0,0,0,0,0,0,0,0,0,8.53,8.606,8.461,8.454,8.351,8.527,8.331,8.522,8.895,8.418,8.486,8.615,8.908,8.517,8.743,8.451,0,0,0,0,0,0,0,0,0,0,0,0,0,0,0,0,0,0,0,0,0,0,0,0,0,8.573,8.333,8.544,8.201,8.47,9.028,8.324,8.528,8.634,9.033,8.374,9.154,8.7,8.378,8.403,0,0,8.667,8.667,0,0,0,0,0,0,0,0,0,0,0,0,0,0,0,0,0,0,0,0,0,0,8.317,8.944,8.298,8.477,8.559,8.534,8.256,8.466,8.85,8.57,8.751,8.904,8.843,8.619,8.722,8.662,0,0,0,0,0,0,0,0,0,0,0,0,0,0,0,0,0,0,0,0,0,0,0,0,0,8.177,8.177,8.489,8.6,8.201,8.416,9.033,9.038,9.19,9.092,8.681,8.714,8.672,9.021,8.566,0,0,0,0,0,0,0,0,0,0,0,0,0,0,0,0,0,0,0,0,0,0,0,0,0,0,8.527,8.503,195.77,195.68,195.165,194.216,194.017,194.017,195.074,195.074,0,0,0,0,0,0,0,0,0,0,0,0,0,0,0,0,0,0,0,0,0,0,0,0,0,0,0,0,0,0,0,0,0,200.641,200.538,199.552,200.151,200.762,153.74,8.531,8.657,8.788,8.458,8.643,8.808,8.683,0,0,0,0,192.888,8.911,0,0,0,0,0,0,0,0,0,0,230.389,199.27,0,206.474,364.815,198.854,199.791,207.839,198.967,8.464,9.897,8.583,8.669,8.53,9.187,8.278,8.299,8.542,8.824,8.694,8.607,8.846,9.133,8.526,8.47,0,0,0,0,0,0,0,0,0,0,0,0,0,0,0,0,0,0,0,0,0,0,0,0,0,0,8.14,8.061,8.509,8.373,8.128,8.185,8.536,8.443,8.057,8.377,8.155,8.061,8.266,8.502,8.561,0,0,0,0,0,0,0,0,0,0,0,0,0,0,0,0,0,0,0,0,0,0,0,0,0,0,8.225,8.261,8.661,8.004,8.038,8.303,8.056,8.447,8.904,7.973,7.945,8.199,7.929,8.981,8.273,0,0,8.703,8.411,0,0,0,0,0,0,0,0,0,0,0,0,0,0,0,0,0,0,0,0,0,0,8.188,8.381,8.344,8.451,8.286,8.158,8.384,8.19,8.436,8.387,8.423,8.563,8.622,8.275,8.362,0,0,0,0,0,0,0,0,8.871,8.689,0,0,0,0,0,0,0,0,0,0,0,0,0,0,0,8.494,8.493,8.496,8.507,8.43,8.125,8.242,8.134,8.134,8.094,8.713,8.394,8.421,8.111,8.078,8.272,0,0,0,0,0,0,0,0,0,0,0,0,0,0,0,8.907,8.662,0,0,0,0,0,0,0,0,8.494,8.673,8.702,8.562,8.618,8.617,8.493,8.67,8.444,8.676,8.505,8.273,8.953,8.471,8.664,8.06,0,0,0,0,0,0,0,0,0,0,0,0,0,0,0,0,0,0,0,0,0,8.623,8.28,0,0,0,0
BedroomOutlets_AP,0,0,0,0,25.042,25.042,23.465,26.786,23.438,23.369,25.895,23.772,26.439,28.837,23.616,23.616,0,0,0,26.641,26.641,0,0,0,0,0,0,0,0,0,0,0,0,0,27.891,24.003,0,0,0,0,0,0,0,28.067,23.846,0,0,26.858,26.068,26.152,0,0,0,0,0,0,0,26.991,23.905,0,27.903,23.765,23.727,27.252,27.334,23.28,26.563,20.712,20.248,34.746,35.437,41.339,55.556,0,0,0,56.501,53.638,57.05,53.757,0,57.42,59.081,55.54,54.619,23.012,23.693,20.774,26.305,20.827,25.638,25.638,20.696,0,22.958,22.958,0,24.712,20.571,0,0,0,0,0,0,0,0,0,0,0,24.876,19.973,0,0,22.485,20.32,0,0,0,0,0,0,0,0,0,24.223,20.06,23.996,20.155,24.022,21.336,20.209,23.136,23.037,0,23.111,20.962,24.129,24.727,20.734,22.387,20.702,22.891,19.922,22.082,23.899,19.85,20.79,23.437,22.926,24.963,20.076,19.857,0,0,0,0,25.01,20.302,20.431,24.281,20.134,20.132,22.971,20.088,21.849,20.325,20.322,0,0,0,0,0,0,0,20.144,20.144,20.304,26.686,23.459,20.138,23.805,19.977,20.549,21.745,20.083,20.092,24.581,24.221,20.018,23.829,23.085,19.889,24.444,19.956,23.056,20.302,22.928,0,0,26.56,21.993,26.402,22.147,20.32,20.317,20.354,23.702,20.524,20.58,20.549,0,24.132,20.452,20.485,0,24.212,20.446,23.337,20.288,25.316,20.909,21.952,19.762,23.55,20.125,19.978,24.16,19.72,23.43,24.075,20.238,20.366,19.533,19.464,0,0,22.947,20.434,23.521,19.919,19.917,23.214,19.838,19.955,23.097,24.282,22.47,21.059,22.592,20.063,20.063,0,0,23.648,20.547,0,20.204,20.204,0,22.746,20.146,19.942,0,0,0,0,23.405,20.645,20.338,0,0,24.023,20.033,0,0,0,0,23.456,20.156,20.223,0,0,22.369,20.246,21.551,20.229,0,25.571,20.184,20.096,0,0,22.462,22.462,20.269,23.855,20.255,20.197,0,0,0,0,0,22.188,20.03,22.112,20.046,24.476,22.74,20.016,20.215,24.103,20.37,0,0,0,0,0,0,20.204,20.204,0,0,0,22.215,23.361,20.833,0,0,0,0,0,0,23.761,20.766,20.617,20.622,20.606,23.41,23.41,0,0,24.191,20.454,22.524,20.243,19.963,22.634,20.069,24.112,19.994,22.904,19.965,22.954,19.638,19.707,23.106,24.071,21.178,0,0,0,23.087,20.183,0,23.234,20.251,0,0,23.04,23.04,0,22.954,20.126,22.48,20.238,20.238,21.241,0,22.985,25.274,20.187,23.524,23.582,20.207,20.207,23.048,20.036,20.163,22.847,20.048,24.362,20.428,20.124,20.84,0,21.858,21.858,0,22.482,20.283,24.213,22.01,22.648,21.167,23.064,21.706,0,24.062,20.602,20.579,20.602,24.339,20.519,0,24.101,20.713,22.557,18.538,18.595,0,0,18.619,18.484,22.137,18.798,19.973,18.337,18.406,0,18.304,18.304,21.191,18.133,0,0,22.225,18.336,21.825,18.42,21.542,22.67,20.357,23.779,22.983,20.301,20.301,23.638,20.436,0,0,25.388,20.436,23.867,22.91,20.4,23.362,20.269,24.343,20.297,0,0,0,0,0,23.191,20.393,0,0,0,0,0,20.124,20.676,22.71,20.02,0,23.354,21.822,21.822,0,0,0,0,0,0,23.519,20.109,0,0,0,23.612,22.848,22.46,20.359,22.323,20.069,0,0,23.082,23.773,20.192,23.5,20.097,0,0,0,0,0,0,0,23.499,20.017,22.782,22.782,22.958,20.057,0,23.765,20.156,19.934,19.856,0,0,23.424,20.014,20.704,20.704,22.99,20.21,20.242,0,24.024,20.176,0,24.319,20.288,0,0,0,0,25.667,20.189,0,0,23.768,20.206,23.753,20.296,23.29,20.131,0,19.786,19.786,23.794,20.058,23.019,20.757,19.954,0,24.252,20.153,0,0,0,0,0,0,22.348,22.348,0,0,0,28.439,42.21,56.734,0,0,51.322,51.322,51.359,54.441,54.535,53.467,51.238,51.364,0,0,0,52.489,52.489,0,0,53.794,50.705,54.158,56.741,51.56,52.103,55.755,55.755,51.594,56.096,51.488,51.551,56.335,52.825,0,0,0,0,54.343,51.176,0,53.587,50.783,53.518,53.701,50.596,0,53.727,50.588,52.074,50.647,50.795,50.776,0,53.143,50.625,53.296,53.296,52.489,50.363,0,0,0,52.013,52.013,55.663,51.979,56.646,52.361,54.89,52.577,52.577,0,0,53.415,53.2,53.144,39.032,36.466,24.383,26.311,30.752,24.517,24.437,24.264,24.264,0,27.573,24.258,28.405,28.527,25.01,0,28.088,28.088,24.123,0,0,0,0,28.428,24.338,0,26.008,26.212,23.824,26.645,23.885,23.488,0,0,0,0,0,26.644,23.805,0,27.147,23.934,23.814,0,27.24,27.558,27.692,26.148,0,26.732,26.732,28.103,23.549,0,0,28.135,29.615,23.618,24.404,0,26.667,23.83,28.218,23.44,28.204,23.452,27.594,27.169,23.353,23.438,0,0,0,0,0,0,26.339,23.349,23.558,26.532,23.51,0,0,0,23.579,23.579,0,0,0,0,26.133,26.133,29.117,23.459,26.506,27.051,23.272,0,0,0,0,0,0,0,0,0,0,0,0,27.21,23.103,0,0,26.698,22.926,22.926,0,0,23.578,23.767,23.739,0,0,0,0,0,23.771,23.771,0,0,0,0,0,0,0,0,27.571,23.755,27.436,23.627,23.643,28.247,23.622,27.303,27.303,23.123,0,0,0,24.711,26.21,23.03,23.153,0,0,25.84,23.083,23.047,26.674,25.693,23.161,23.161,0,26.932,23.259,0,0,23.238,23.238,0,0,0,0,0,23.357,23.357,0,0,26.994,23.301,23.263,23.263,0,0,0,0,26.141,23.001,0,0,0,27.159,23.275,22.96,25.316,23.094,23.295,23.379,0,0,0,0,23.596,23.596,0,27.499,23.899,0,0,0,0,0,0,0,0,0,23.549,23.549,0,0,0,0,23.457,23.457,25.947,23.597,26.985,23.134,0,23.295,23.295,0,0,25.592,23.195,0,26.632,23.257,0,27.004,23.728,23.418,0,0,26.947,23.613,0,0,25.907,23.486,0,0,26.184,23.515,0,0,23.562,23.568,23.568,27.602,23.649,0,27.387,23.581,24.459,23.699,23.699,0,0,28.144,23.432,0,27.381,23.253,0,0,27.518,23.364,23.278,26.256,23.407,27.132,26.563,23.485,26.602,27.214,23.346,23.548,23.356,0,0,0,23.436,23.436,0,0,0,0,0,0,0,0,0,0,0,0,0,0,23.278
BedroomLights_AP,0,0,0,0,0,0,0,0,11.39,11.39,0,11.437,11.437,11.426,11.426,0,0,0,0,0,0,0,0,0,0,0,0,0,0,0,0,0,0,0,0,0,0,0,0,0,0,0,0,13.302,13.302,0,0,0,0,0,0,0,0,0,0,0,0,0,0,0,0,0,0,13.832,11.23,0,116.343,144.205,141.877,139.166,140.571,140.571,0,0,0,0,111.792,11.602,0,0,0,0,0,0,0,0,0,0,13.808,11.734,0,0,0,0,0,0,0,0,0,0,0,0,0,0,0,0,0,0,0,0,0,0,0,0,0,0,0,0,0,0,0,0,0,0,0,11.451,11.451,11.593,11.593,0,11.366,11.366,11.402,0,0,0,0,0,0,0,0,0,0,0,0,0,13.562,11.487,11.707,13.28,12.931,11.379,11.379,0,0,0,0,0,0,0,11.274,11.273,13.324,11.337,11.337,13.342,11.378,11.67,0,0,0,0,0,0,0,182.661,182.661,182.212,182.28,182.823,182.659,0,0,0,181.882,182.104,13.203,12.894,11.456,0,0,0,13.163,13.163,0,13.93,11.754,11.337,0,0,13.533,13.533,0,11.791,11.791,0,0,0,0,0,0,0,0,13.904,11.614,0,0,0,0,0,0,11.654,11.654,0,0,0,0,11.569,11.569,0,0,0,0,95.344,11.443,0,0,0,0,0,0,0,0,0,0,0,13.886,11.521,0,0,0,0,0,0,0,0,0,0,0,0,11.366,11.366,11.493,0,0,0,0,0,13.058,11.659,0,0,0,0,0,0,0,0,0,11.632,11.632,0,0,0,13.054,11.479,0,0,0,0,0,0,0,13.642,11.995,0,0,0,0,0,0,0,0,0,0,0,0,0,0,0,0,0,0,0,0,0,0,0,0,0,0,0,0,0,0,0,0,0,0,0,0,0,0,0,12.73,12.73,0,0,0,12.487,12.487,0,0,0,0,0,0,0,0,0,0,0,0,0,0,11.313,11.313,12.836,12.276,12.276,0,0,0,0,0,0,0,0,0,0,0,0,0,0,0,0,0,13.671,11.604,0,0,0,0,0,0,0,0,0,0,0,94.234,148.179,144.871,146.07,145.864,144.149,144.047,144.047,0,0,0,0,108.85,12.683,0,0,103.231,108.899,0,0,0,0,0,0,0,0,0,0,319.432,370.415,368.274,369.34,369.437,0,368.577,265.762,269.872,289.7,290.992,291.473,291.687,290.21,291.308,292.187,290.049,290.954,266.814,267.277,267.519,268.039,269.4,266.245,11.575,0,0,0,0,196.212,118.468,50.055,11.615,0,0,0,0,0,0,0,0,13.596,11.442,0,0,0,0,0,0,0,0,0,0,0,0,0,0,0,0,0,11.648,11.648,0,0,0,0,0,0,0,13.11,13.11,0,0,0,0,0,0,0,0,0,0,0,0,0,0,0,0,0,0,0,0,0,0,0,13.646,13.646,0,0,0,0,0,0,0,0,0,0,0,0,0,0,0,0,0,0,0,0,0,0,0,0,0,0,0,0,0,0,0,0,13.51,13.51,0,0,0,0,0,0,13.077,13.077,0,0,0,0,0,11.821,11.821,0,0,0,0,0,0,0,0,0,0,0,0,118.34,105.652,0,0,0,106.389,106.389,0,0,0,0,0,0,0,0,0,0,0,0,57.367,11.567,0,13.104,11.877,0,0,0,0,0,0,0,0,0,0,0,0,0,0,0,0,13.484,11.395,0,0,0,0,0,0,0,0,0,0,0,0,0,0,0,0,0,0,0,0,0,0,0,0,0,0,0,0,0,0,54.499,64.855,30.697,13.055,0,0,0,0,0,0,0,0,0,0,0,0,0,14.14,14.14,0,0,0,0,0,0,0,0,0,0,0,0,0,0,0,0,0,0,0,0,0,0,0,0,0,0,0,0,0,0,14.519,14.519,0,0,0,0,0,0,0,0,0,0,0,0,0,69.904,65.323,0,57.806,12.351,0,43.913,13.016,0,0,0,0,0,0,0,0,0,0,0,0,0,0,0,0,0,0,0,0,0,0,0,0,0,0,13.507,11.396,0,0,0,0,0,0,0,0,0,0,0,0,0,0,0,0,0,0,0,0,0,0,0,0,0,0,0,0,0,0,0,0,0,0,0,0,0,0,0,0,0,0,0,0,14.422,14.422,11.6,0,0,0,0,0,0,11.225,11.225,0,0,0,0,0,0,0,13.538,11.393,0,0,0,0,0,0,0,0,0,0,0,0,0,0,0,0,0,0,0,0,0,0,0,0,0,0,0,0,0,0,0,14.086,11.323,11.323,0,0,0,0,0,0,0,0,0,0,0,0,0,0,0,0,0,0,0,0,0,0,0,0,0,0,0,0,0,0,11.581,11.581,0,0,0,0,0,0,0,0,0,0,0,0,0,0,0,0,0,0,0,0,0,0,0,0,0,0,0,0,0,0,0,0,0,0,0,0,0,0,0,0,0,0,0,0,0,0,14.275,11.612,0,0,0,0,0,0,0,0,0,0,0,0,0,0,0,0,0,0,0,0,0,0,0,0,0,0,0,0,0,0,0,0,0,0,0
MasterOutlets_AP,87.895,87.695,86.377,86.409,91.989,86.097,96.671,88.374,91.917,86.055,95.08,92.007,93.539,91.863,90.191,91.937,91.171,90.122,93.363,91.236,92.45,92.605,91.903,91.214,91.345,85.488,85.323,87.271,86.447,88.765,92.77,94.587,94.735,96.832,96.726,99.178,94.289,91.523,94.284,94.992,95.033,95.352,95.99,96.252,95.478,98.538,95.304,96.747,94.114,95.154,96.974,94.363,94.333,100.998,95.807,98.394,93.883,94.776,91.78,90.281,89.236,93.879,91.106,90.169,90.751,93.405,92.096,102.515,93.275,91.658,94.445,91.005,91.195,97.91,92.704,91.953,91.842,93.379,100.629,93.69,97.517,96.576,102.508,97.019,98.319,97.764,96.459,98.355,97.697,96.784,96.852,99.689,104.558,98.438,98.629,95.971,102.977,96.946,97.103,94.351,99.159,95.077,97.772,96.023,95.295,97.369,95.819,99.909,94.442,97.798,97.446,94.977,97.809,94.388,96.022,100.143,96.276,96.272,96.483,99.098,95.237,95.366,96.827,91.374,95.976,98.925,94.149,99.728,95.332,100.92,96.365,96.347,102.724,94.34,99.769,95.961,95.704,104.793,95.848,97.931,95.201,93.716,95.926,93.873,95.739,100.73,97.365,95.477,96.011,95.344,97.162,93.993,95.406,119.136,96.121,95.368,95.068,100.536,94.834,100.144,97.054,113.756,95.953,99.965,94.036,97.198,95.114,97.497,94.927,0,0,0,0,0,0,136.13,135.7,139.319,138.82,140.688,134.079,135.535,134.582,134.977,92.99,141.877,94.555,93.255,95.497,111.019,109.02,92.414,92.914,92.69,94.44,99.221,94.884,94.848,96.574,95.702,94.367,96.194,95.845,94.161,95.987,94.426,95.485,95.19,96.833,99.209,97.858,103.147,101.763,98.328,100.429,98.463,103.524,96.282,98.77,91.658,97.25,97.069,97.337,97.3,95.329,98.919,96.411,94.545,97.2,94.943,97.321,97.689,96.405,94.313,100.452,96.474,96.413,98.177,98.527,103.273,98.32,101.075,96.947,98.236,94.815,98.735,98.626,95.446,98.189,96.781,94.541,94.727,94.459,96.89,99.046,95.882,94.817,94.723,95.051,97.277,94.607,93.614,97.75,92.207,100.225,92.243,92.098,93.055,99.946,95.405,97.187,97.13,99.647,95.904,95.667,95.618,94.67,96.975,101.415,97.488,95.815,99.606,98.315,96.632,96.694,96.393,99.173,98.802,98.036,101.923,96.834,102.694,96.828,102.018,100.618,98.439,96.927,95.909,97.587,104.76,95.235,102.243,97.455,105.395,95.275,96.487,94.67,95.539,102.24,97.106,95.538,95.131,94.236,93.233,96.387,94.77,97.007,96.987,95.192,96.02,97.964,97.254,96.089,95.722,95.066,98.17,95.128,95.205,95.76,94.621,94.501,95.087,94.359,98.16,101.776,99.331,96.081,95.503,96.694,96.067,95.892,97.869,96.251,97.268,97.852,96.803,95.957,96.557,96.052,95.812,95.583,96.298,97.627,97.711,95.058,96.195,100.33,96.982,100.269,97.225,100.461,90.931,90.441,92.991,92.295,90.715,92.035,90.748,92.115,90.695,92.194,90.748,91.392,92.445,92.781,91.022,100.363,96.654,95.986,98.916,96.414,106.651,95.742,96.652,95.538,97.191,98.207,104.4,95.485,96.714,96.413,96.302,97.162,95.737,98.729,97.58,98.547,97.636,95.986,95.153,97.032,96.205,99.765,97.275,102.904,98.267,101.5,96.248,103.316,95.633,101.663,95.96,102.115,98.901,97.821,95.994,98.82,97.596,97.315,98.115,96.344,96.247,95.727,93.133,99.584,101.145,98.254,99.13,97.087,95.994,96.089,96.454,95.757,95.188,96.085,95.265,98.833,96.278,95.201,95.865,95.457,97.516,97.92,97.389,97.009,97.325,96.366,98.144,102.036,96.055,102.922,97.014,96.978,96.536,97.095,95.425,103.895,97.837,97.582,95.797,95.368,96.238,97.691,96.622,101.421,97.565,97.731,96.948,94.696,95.164,98.751,95.832,91.158,98.399,90.983,97.16,90.047,93.499,91.551,97.494,91.028,97.173,92.626,91.23,93.706,89.842,92.435,91.151,89.908,97.101,91.103,95.531,90.981,93.31,92.959,94.237,90.91,91.898,93.757,90.988,89.604,90.685,98.609,90.06,95.685,90.077,91.79,89.583,90.375,90.719,87.912,88.672,88.792,93.637,91.292,92.301,90.533,89.692,90.536,97.79,89.491,99.022,91.686,92.711,91.515,91.887,90.671,95.771,96.94,95.108,97.388,96.925,96.764,97.644,97.381,95.417,96.146,97.205,96.502,97.743,97.193,97.866,99.115,95.578,103.759,101.63,101.035,95.485,103.491,95.956,94.518,96.083,96.587,95.298,94.939,97.393,94.352,94.345,95.94,96.589,96.423,96.511,95.602,95.693,96.703,100.381,96.208,99.612,95.345,100.457,95.75,99.115,94.804,99.807,90.655,91.646,90.542,90.563,91.376,94.961,90.28,89.743,129.805,96.852,89.947,90.953,89.466,89.165,89.515,91.089,95.369,90.398,93.3,89.074,95.131,90.937,89.358,90.873,89.344,89.554,89.349,91.44,89.42,90.676,90.355,95.972,97.745,95.974,96.259,96.558,96.298,96.719,97.369,98.634,95.33,103.014,96.44,103.677,96.107,99.31,97.216,101.231,96.025,96.012,95.711,95.142,96.987,95.981,96.99,95.844,96.72,95.242,95.751,95.53,97.504,95.958,96.475,95.242,94.484,93.061,103.481,93.757,101.249,94.911,104.27,96.888,94.862,97.966,94.681,97.184,94.171,96.234,96.182,96.804,94.574,95.508,97.281,94.817,96.383,94.515,95.547,103.993,93.737,100.234,94.523,99.874,94.773,100.646,96.156,101.401,93.248,99.737,94.461,101.566,93.049,91.836,93.49,91.309,97.348,91.14,92.471,91.072,91.549,89.391,92.912,88.854,93.137,91.866,100.798,92.803,99.526,102.799,104.54,92.806,107.475,100.568,102.654,100.161,100.831,101.971,96.377,97.051,89.724,90.23,90.54,89.531,91.674,96.572,89.956,96.471,88.631,95.749,89.71,102.08,116.376,115.106,119.081,117.189,117.766,103.202,106.231,104.012,103.479,102.081,101.299,100.527,101.973,104.048,102.041,102.869,111.948,104.459,110.334,102.25,112.052,102.743,114.274,105.636,112.722,101.461,103.148,101.142,102.728,107.251,101.027,99.843,103.606,100.598,99.698,101.679,103.187,99.463,99.201,102.977,98.028,104.4,96.699,106.586,95.483,103.123,94.996,94.04,95.101,95.752,94.007,94.137,93.923,100.461,94.069,94.456,97.933,95.169,95.63,97.338,96.986,97.2,97.991,97.183,97.511,94.45,106.197,94.872,96.206,94.216,101.711,94.492,101.819,93.509,102.999,91.798,95.1,95.347,97.865,88.709,88.553,96.87,95.28,94.056,94.995,91.777,92.982,95.617,90.625,98.089,89.063,94.212,89.547,90.68,89.386,91.508,91.758,90.78,91.625,91.015,91.47,93.363,90.174,89.988,91.882,91.387,92.188,89.351,89.577,89.918,97.521,89.495,96.542,89.603,90.767,91.093,91.031,90.826,96.193,89.925,101.925,91.355,90.858,92.305,90.208,90.709,90.648,91.534,86.889,87.061,88.193,88.009,88.329,92.986,88.671,96.293,91.128,95.528,90.449,101.743,91.014,91.122,92.343,93.834,90.236,88.813,88.455,89.859,88.811,88.429,87.919,88.616,87.614,87.859,87.922,87.258,91.205,86.955,97.785,88.553,93.752,87.508,89.346,89.353,86.53,89.6,89.183,88.21,85.444,87.487,86.922,88.334,88.478,87.453,86.526,86.514,87.14,86.719,86.473,89.889,85.867,95.909,88.234,92.327,87.67,87.705,86.02,95.402,87.894,93.889,89.345,91.665,90.461,90.336,87.702,90.032,88.219,87.922,91.803,92.691,88.048,89.182,89.44,87.791,96.147,89.463,96.719,88.592,90.006,91.225,86.916,87.029,98.095,88.635,96.517,93.106,89.073,89.33,96.246,88.877,85.601,90.958,88.067,86.082,85.491,85.804,85.212,87.688,88.057,92.756,85.532,88.387,88.078,94.537,86.515,87.323,89.412,86.112,86.796,91.008,88.067,86.04,85.414,85.117,87.795,85.007
MasterLights_AP,46.052,46.163,46.322,45.714,45.914,46.048,46.662,46.065,46.217,46.374,46.073,46.69,46.69,0,0,0,0,47.161,47.551,47.188,47.588,47.147,47.564,46.921,47.869,47.931,47.257,47.882,47.631,47.372,47.366,47.734,46.761,0,0,0,0,0,0,0,0,0,0,0,0,0,0,0,0,0,0,0,0,0,0,0,0,46.559,47.163,46.864,46.535,46.06,46.126,45.838,45.714,46.074,46.528,45.503,45.973,46.055,46.073,45.214,45.609,0,0,0,0,0,0,0,0,0,0,0,0,0,0,0,0,0,0,0,0,0,0,0,0,0,46.371,46.248,46.432,46.342,45.988,45.69,45.848,45.772,45.699,46.194,46.023,45.425,46.172,46.118,45.262,45.116,0,0,0,0,0,0,0,0,0,0,0,0,0,0,0,0,0,0,0,0,0,0,0,0,0,45.767,45.534,45.75,45.754,45.253,45.304,45.352,45.72,44.958,45.728,45.111,44.919,45.235,44.969,44.883,44.585,0,0,0,0,0,0,0,0,0,0,0,0,0,0,0,0,0,0,0,0,45.012,45.012,0,0,0,45.467,45.22,46.064,45.154,45.932,45,46.107,45.194,46.021,46.182,45.95,46.291,45.479,45.578,45.898,45.259,0,0,0,0,0,0,0,0,0,0,0,0,0,0,0,0,0,0,0,0,0,0,0,0,0,45.491,46.091,45.411,45.586,45.464,45.653,45.161,45.96,45.007,45.876,45.54,45.285,45.911,168.325,166.795,100.785,45.241,0,0,0,0,0,0,0,0,0,45.735,45.553,0,0,0,0,0,0,0,0,0,0,0,0,0,45.62,45.473,45.748,45.34,45.909,45.786,45.877,46.071,45.474,46.278,46.15,46.213,46.329,45.66,45.778,45.589,0,0,0,0,0,0,0,0,0,0,0,0,0,0,0,0,0,0,45.695,45.542,45.551,45.717,45.717,0,0,46.658,46.174,46.058,45.788,45.956,45.823,46.104,45.878,46.468,45.51,46.05,46.234,45.817,45.913,46.441,45.646,0,0,0,0,0,0,0,0,0,0,0,0,0,0,0,0,0,0,0,0,0,0,0,0,0,46.245,45.625,45.508,46.069,45.967,46.26,45.541,46.265,45.582,46.096,45.806,45.472,46.164,46.089,45.83,45.005,0,0,0,0,0,0,0,0,0,0,0,0,0,0,0,0,0,0,45.896,45.596,0,45.807,45.807,0,0,46.637,46.322,46.77,45.908,46.899,46.252,47.056,46.362,46.689,47.01,46.151,46.209,46.838,46.376,46.384,46.231,0,0,0,0,0,0,0,0,46.731,46.347,0,0,0,0,0,46.601,46.33,0,0,0,46.657,46.281,46.31,0,0,47.273,46.235,46.951,46.489,46.515,46.078,46.287,47.113,46.266,46.543,46.563,46.167,46.601,32.929,31.184,30.167,40.38,45.86,0,0,0,0,46.176,46.176,0,0,0,46.535,46.535,0,0,0,0,0,0,0,0,0,0,0,0,46.461,46.75,46.314,46.298,46.508,46.513,47.123,45.878,46.734,46.397,46.302,47.196,47.223,46.103,46.259,45.99,0,0,0,0,0,0,0,0,0,0,0,0,0,46.162,45.85,0,0,0,0,0,0,0,0,0,0,46.096,45.659,46.314,45.763,45.783,45.958,46.326,46.388,45.477,46.147,45.898,45.567,45.699,46.363,45.768,46.121,0,0,0,0,0,0,0,0,0,0,0,0,0,0,0,0,0,0,0,0,0,0,0,0,0,47.27,46.541,46.74,46.715,46.161,46.453,46.458,46.819,45.916,46.449,46.335,45.87,46.116,46.496,45.828,45.598,0,0,0,0,0,0,0,0,0,0,0,0,0,0,0,0,0,0,0,0,0,0,0,0,0,45.677,45.628,45.606,45.929,45.28,46.257,46.741,46.311,46.205,45.812,46.448,46.436,46.066,46.782,46.786,46.78,0,0,0,0,0,0,0,0,0,0,0,0,0,0,0,0,0,0,0,0,0,0,0,0,45.023,45.532,44.56,45.588,44.624,45.359,44.528,44.655,44.52,44.905,45.325,45.109,45.044,45.375,45.581,44.888,44.808,0,0,0,152.271,88.177,44.984,0,0,0,0,0,0,0,0,0,0,0,0,0,0,0,0,0,0,46.575,46.432,46.259,46.463,46.515,46.569,46.137,47.057,46.266,46.492,46.676,45.981,46.124,46.449,45.872,45.697,0,0,0,0,0,189.774,174.634,0,0,0,0,0,0,0,0,0,0,0,0,0,0,0,0,172.402,171.227,173.03,175.727,46.449,47.038,46.492,46.852,46.799,46.622,46.964,45.962,46.356,46.177,46.526,46.751,47.201,46.016,0,0,0,0,0,0,0,0,0,0,0,0,0,0,0,0,0,0,0,0,0,0,0,0,0,46.653,46.616,46.495,46.29,46.949,46.618,46.96,46.152,46.734,46.698,46.244,46.703,46.148,45.856,46.43,45.827,0,0,0,0,0,0,0,0,0,0,0,0,0,0,0,0,0,0,0,0,0,0,0,0,0,45.523,45.84,46.299,45.443,44.488,45.261,45.918,45.622,45.973,46.156,45.068,45.943,45.766,45.613,45.507,45.207,0,0,0,0,0,0,0,0,0,0,0,0,0,0,0,0,0,0,0,0,0,0,0,0,0,46.074,46.065,46.136,45.285,46.137,45.66,46.282,45.804,46.312,45.877,45.519,46.224,45.949,45.906,45.801,45.63,0,0,0,0,0,0,0,0,0,0,0,0,0,0,0,0,0,0,0,0,0,0,0,0,0,46.576,46.358,46.096,45.917,45.894,46.131,46.794,46.266,46.483,46.333,46.478,46.65,46.292,45.785,46.23,45.485,0,0,0,0,0,0,0,0,0,0,0,0,0,0,0,0,0,0,0,0,0,0,0,0,0,45.882,46.544,46.23,46.455,46.536,46.503,46.555,46.013,46.564,46.137,45.989,46.695,46.497,46.288,46.089,45.918,0,0,0,0,0,0,0,0,0,0,0,0,0,0,0,0,0,0,0,0,0,0,0,0,0,45.935,45.886
DuctHeaterHRV_AP,688.357,785.499,814.546,809.861,739.351,716.825,982.61,736.235,683.267,821.267,785.978,804.414,10.744,170.31,10.235,244.466,198.765,10.192,975.127,687.554,894.673,652.407,894.089,231.461,972.843,729.789,678.813,963.005,701.822,690.401,788.136,1021.039,10.101,98.099,10.288,10.234,171.825,172.069,97.199,317.746,10.628,10.291,10.231,325.079,240.863,242.65,243.075,219.908,10.132,98.134,218.507,10.314,196.208,138.888,10.581,195.881,9.986,219.88,1015.527,923.832,703.044,885.294,590.291,766.745,891.058,514.288,965.645,566.852,716.278,911.19,671.709,183.031,714.688,9.541,137.949,290.189,9.777,137.047,256.887,194.406,236.863,10.221,9.966,293.367,166.906,9.829,10.451,261.506,9.687,10.241,260.094,168.853,10.283,217.809,19.032,10.063,137.111,9.927,238.93,995.366,895.365,757.33,765.787,823.514,789.907,851.097,539.066,925.998,760.442,595.174,955.599,939.868,471.332,9.609,0,237.451,193.409,236.113,137.937,9.855,9.858,372.946,363.426,167.364,9.933,215.95,195.105,9.945,10.206,193.197,11.431,9.906,136.358,10.138,9.931,193.321,10.292,166.236,10.428,9.698,992.98,712.041,845.027,726.162,794.203,598.431,913.838,435.281,798.064,730.757,205.812,848.389,774.123,477.725,9.384,0,93.258,190.649,13.766,9.644,9.608,134.662,327.549,134.609,9.791,9.967,136.672,194.413,9.896,0,0,0,0,0,0,175.895,193.206,236.437,216.276,9.838,166.262,541.927,1005.714,286.555,990.843,402.092,1003.402,393.056,915.737,793.3,598.517,939.299,689.816,497.002,747.824,9.578,9.578,0,94.878,167.648,277.819,169.238,10.62,10.197,198.361,261.271,219.362,170.972,341.621,169.035,10.016,138.816,339.898,10.172,217.264,195.282,10.089,137.974,10.037,257.371,237.708,275.018,903.706,757.754,819.554,540.884,856.752,348.952,928.818,14.716,846.106,714.493,497.733,902.721,875.451,546.682,10.313,0,0,0,95.088,10.251,274.043,253.379,10.028,216.848,10.11,10.214,10.225,338.403,218.129,10.261,255.906,193.37,237.951,10.26,9.996,216.3,292.585,10.666,9.962,10.722,274.369,541.254,948.829,552.345,735.787,580.035,682.611,866.641,541.952,1015.057,478.048,659.69,982.239,684.273,546.237,10.293,0,0,0,96.612,276.499,238.591,10.255,216.535,291.146,10.618,10.482,239.689,94.998,10.509,195.055,115.947,96.252,389.854,12.134,10.298,324.682,10.174,10.312,10.309,12.216,169.304,832.491,759.182,801.725,726.66,733.871,846.516,644.229,933.334,302.276,722.649,836.862,448.776,812.81,979.286,10.335,0,0,0,140.603,10.21,10.141,136.957,11.03,136.804,302.744,212.929,10.331,192.477,136.661,10.355,10.082,308.072,10.502,291.806,9.883,10.217,10.145,169.246,95.926,10.305,168.688,668.699,841.218,678.937,831.117,701.409,655.111,906.771,421.941,947.345,631.656,632.287,873.951,654.3,332.653,10.222,0,0,0,95.939,167.55,10.472,10.243,275.745,139.025,10.76,377.4,168.032,12.161,10.263,10.322,138.598,10.156,461.312,10.078,10.575,240.91,138.929,258.842,10.436,139.25,10.508,626.935,918.914,208.6,978.165,12.013,983.395,459.425,748.243,895.557,249.121,753.52,879.695,427.114,565.819,12.608,0,0,0,95.734,196.68,10.668,171.975,359.681,10.807,10.806,10.477,210.622,10.7,171.696,10.67,10.396,200.018,244.227,10.925,140.7,10.719,10.669,371.141,223.22,96.37,280.669,314.841,455.758,527.907,791.646,548.147,538.335,1023.018,539.192,813.77,845.983,515.38,597.054,1040.953,677.107,10.723,0,0,0,96.472,10.116,220.076,10.268,10.281,10.742,294.305,10.61,10.386,353.058,10.261,313.506,294.95,10.316,10.322,322.382,10.179,10.389,140.462,277.422,10.716,10.958,219.334,879.699,734.564,605.002,651.793,536.136,990.546,32.214,931.085,727.205,295.787,941.284,838.583,10.304,814.053,10.324,0,0,0,138.767,274.451,10.409,10.175,325.798,195.941,197.796,10.403,10.266,10.866,239.419,435.838,10.587,10.407,10.31,10.184,10.289,10.419,10.644,326.542,240.458,167.477,293.568,445.007,842.075,416.195,793.433,688.129,649.586,982.334,268.409,852.329,802.423,187.345,693.834,949.683,490.302,10.006,0,0,93.481,10.058,240.271,309.524,95.521,218.898,239.348,239.718,342.468,242.366,197.413,241.028,10.474,168.89,10.561,143.621,418.323,309.636,195.721,278.799,10.153,10.319,10.693,10.347,679.731,919.393,656.773,797.637,781.268,601.725,916.049,311.49,804.562,799.474,446.007,746.548,957.707,505.911,10.102,0,0,96.034,10.392,10.159,168.28,10.099,10.128,251.447,10.039,9.92,166.678,135.456,12.071,9.841,134.784,136.861,9.896,215.462,10.611,9.976,191.6,9.821,270.569,213.482,9.773,852.086,567.178,882.394,352.633,998.943,1015.442,814.291,722.308,524.561,1010.054,643.576,403.181,900.579,902.153,10.138,0,0,0,95.306,9.855,236.782,167.303,9.897,215.933,10.217,94.292,11.199,10.247,214.931,165.913,10.152,13.703,215.566,9.696,234.975,289.099,9.899,213.339,9.732,9.793,1001.077,288.114,1002.429,408.61,968.653,354.517,814.154,566.738,523.931,932.919,674.843,548.625,876.069,862.692,518.363,9.848,0,0,136.461,10.129,9.697,349.718,194.245,136.969,10.419,276.737,256.518,9.903,10.182,10.43,10.18,10.403,138.676,22.256,10.171,377.913,10.382,10.247,10.269,10.087,296.543,980.798,850.458,656.228,684.469,852.584,478.264,1021.708,624.017,656.913,928.651,520.228,595.276,954.874,793.717,9.917,0,0,95.067,137.43,168.548,10.111,9.764,238.635,168.383,13.329,10.227,291.161,10.072,9.696,9.726,349.083,138.02,9.718,237.507,192.956,10.125,256.574,9.989,9.881,10.066,9.793,995.993,611.053,1012.433,606.816,808.068,702.27,720.506,864.32,176.967,819.393,750.029,397.055,740.757,990.817,9.788,0,139.924,139.828,218.584,10.092,138.546,10.174,10.096,323.62,219.577,10.123,9.891,193.488,237.167,9.89,10.032,169.007,10.201,10.097,216.9,10.289,9.91,216.839,9.872,216.69,240.216,868.799,785.593,489.449,886.858,465.45,985.944,127.897,935.388,726.135,635.989,902.893,716.218,293.264,825.303,10.47,0,137.986,10.216,10.189,195.331,274.257,9.933,10.107,9.85,193.165,217.042,89.472,10.006,216.002,216.336,10.043,9.802,194.207,9.876,128.606,237.243,9.832,238.759,215.076,9.694,233.498,643.773,990.144,234.062,964.37,391.224,867.06,604.076,730.893,994.941,204.834,801.919,794.995,558.252,584.962,9.553,0,136.276,9.785,9.669,9.852,253.54,165.955,235.698,9.689,165.943,10.125,236.443,9.866,10.286,214.661,9.856,9.998,166.033,9.703,9.908,236,9.97,192.743,255.736,9.826,213.922,839.745,961.652,274.463,894.446,493.833,1002.539,704.441,613.676,768.211,341.991,818.579,851.464,674.025,596.115,9.554,0,94.555,9.93,9.808,192.348,136.175,215.959,255.742,9.75,9.965,286.948,273.891,9.984,9.944,216.907,10.137,10.113,217.087,9.909,9.812,256.969,9.982,166.251,10.498,10.16,236.987,788.358,932.178,547.53,587.414,502.577,1002.077,555.968,835.582,693.295,766.851,948.227,837.119,994.982,722.897,9.639,0,168.394,10.149,10.313,10.367,276.819,237.622,276.621,10.161,10.08,95.097,258.581,9.882,10.246,258.722,10.166,9.885,195.675,10.042,9.785,306.698,9.956,215.933,9.965,194.466,167.894,857.295,841.093,678.158,901.338,615.388,887.974,590.986,1009.209,635.102,511.865,1006.063,814.77,643.774,720.816,9.912,0,95.508,9.98,9.898,10.047,194.259,167.094,217.152,10.015,9.909,237.568,167.941,10.237,9.918,276.008,10.098,10.195,217.986,10.101,94.404,194.673,10.239,255.638,10.172,257.155,272.952,933.063
CounterOutlets1_AP,6.085,6.16,6.088,5.758,5.766,5.741,5.818,5.748,5.97,5.927,6.102,6.459,6.459,0,0,0,0,5.662,5.694,6.139,5.856,6.126,5.879,6.32,5.688,6.187,6.009,5.649,6.063,5.925,6.195,5.631,6.319,0,0,0,0,0,0,0,0,0,0,0,0,0,0,0,0,0,0,0,0,0,0,0,0,5.727,5.727,6.132,6.081,7.203,6.343,6.571,6.648,6.148,5.751,6.179,6.04,5.722,6.172,6.391,5.978,0,0,0,0,0,0,0,0,0,0,848.284,1559.549,1514.475,6.744,1026.576,1509.396,6.698,0,0,0,0,0,0,0,0,5.851,5.851,5.949,6.399,6.367,5.891,6.049,6.378,6.389,5.967,6.26,6.304,6.32,6.05,6.411,6.54,0,0,0,0,0,0,0,0,0,0,0,0,0,0,0,0,0,0,0,0,0,0,0,0,0,6.122,6.337,6.2,5.983,6.005,5.935,6.009,6.073,6.517,6.456,6.478,7.1,6.079,6.147,6.505,6.658,0,0,0,0,0,0,0,0,0,0,0,0,0,0,0,0,0,0,0,0,6.441,6.441,0,0,0,5.835,5.954,5.523,6.221,5.579,6.024,5.66,6.151,6.612,5.806,6.185,5.859,6.258,6.247,5.852,6.015,0,0,0,0,0,0,0,0,0,0,0,0,0,0,0,0,0,0,0,0,0,0,0,0,0,5.696,5.743,6.095,6.277,6.281,5.888,6.364,6.016,6.453,6.983,6.348,6.422,5.852,5.833,6.261,6.206,0,0,0,0,0,0,0,0,0,0,0,0,0,0,0,0,0,0,0,0,0,0,0,0,0,5.928,5.668,6.064,5.784,5.843,6.21,5.789,6.108,6.248,5.745,5.906,6.479,5.759,5.91,6.24,6.475,0,0,0,0,0,0,0,0,0,0,0,0,0,0,0,0,0,0,0,0,0,0,0,0,0,5.743,5.752,5.741,6.476,6.198,5.898,6.327,6.379,5.88,6.392,5.751,6.203,6.345,6.315,5.78,5.923,0,0,0,8.42,8.42,7.35,6.478,0,0,0,0,0,0,0,0,8.263,8.263,0,0,0,0,0,0,0,7.224,7.224,6.296,6.541,6.434,6.284,6.302,6.301,5.931,6.437,5.838,5.874,6.029,5.93,6.373,6.336,7.648,0,6.503,6.503,0,0,0,0,0,0,0,0,0,0,0,0,0,0,0,0,0,0,0,0,0,0,6.322,5.952,5.887,6.403,5.803,6.476,5.684,5.899,5.802,6.068,6.469,5.827,5.87,6.341,5.868,6.243,0,0,0,0,0,0,0,0,0,0,0,0,0,0,0,0,0,0,0,0,6.156,6.69,0,0,0,5.675,6.581,6.023,5.828,6.512,5.819,6.418,5.755,6.351,6.452,6.073,6.44,6.1,5.803,6.421,5.909,0,0,0,0,0,0,0,0,0,0,0,0,0,0,0,0,0,0,0,0,0,0,0,0,0,6.142,5.808,5.785,5.96,6.167,5.934,5.698,6.505,5.834,5.905,6.445,5.894,5.974,6.475,6.107,6.437,0,0,0,0,0,0,0,0,0,0,0,0,0,0,0,0,0,0,0,0,0,0,0,0,0,6.371,6.319,5.942,5.966,5.879,6.258,6.023,5.78,6.373,5.978,5.907,6.463,6.036,5.856,6.329,6.303,5.475,5.447,6.785,6.383,0,0,0,0,0,0,0,0,0,0,0,0,0,0,0,0,0,0,0,0,0,5.695,6.281,5.868,6.317,5.923,5.768,6.618,5.918,6.37,6.231,6.24,6.301,5.953,5.893,5.872,6.437,0,0,0,0,0,0,0,0,0,0,0,0,0,0,0,0,0,0,0,0,0,0,0,0,0,5.717,6.205,6.161,5.797,6.353,5.718,6.261,5.972,6.672,6.229,5.704,6.186,6.227,5.729,5.841,5.813,0,0,0,0,0,0,0,0,0,0,0,0,0,0,0,0,0,0,0,0,0,0,0,0,6.016,5.682,6.318,5.583,6.248,5.581,6.239,6.151,5.843,6.129,5.746,5.992,6.23,6.288,6.247,6.345,6.56,0,0,0,0,0,0,0,0,0,0,0,0,0,0,0,0,0,0,0,0,0,0,0,0,5.825,6.266,5.745,5.837,5.904,6.302,6.217,5.583,6.075,5.959,5.909,6.328,5.943,5.804,6.03,6.464,0,0,0,0,0,0,0,0,0,0,0,0,0,0,0,0,0,0,0,0,0,0,0,0,0,5.62,5.62,6.167,5.735,6.14,6.184,6.14,5.929,6.23,6.34,5.935,6.099,6.247,5.742,5.68,6.224,0,0,0,0,0,0,0,0,0,0,0,0,0,0,0,0,0,0,0,0,0,0,0,0,0,5.872,5.624,5.548,6.073,5.704,6.154,5.647,6.384,5.657,6.037,5.673,5.674,5.653,6.191,5.738,6.278,0,0,0,0,0,0,0,0,0,0,0,0,0,0,0,0,0,0,0,0,0,0,0,0,0,5.778,6.743,5.82,6.48,5.615,6.239,5.781,5.693,6.295,5.691,6.241,5.486,5.769,6.123,5.767,6.281,0,0,0,0,0,0,0,0,0,0,0,0,0,0,0,0,0,0,0,0,0,0,0,0,0,5.851,5.673,5.721,6.282,5.843,6.235,5.657,6.079,5.715,6.131,6.268,5.789,6.03,6.19,5.847,6.549,0,0,0,0,0,0,0,0,6.332,6.332,0,0,0,0,0,0,0,0,0,0,0,0,0,0,0,5.846,5.765,5.881,6.329,6.286,6.215,5.641,6.157,6.226,6.112,5.631,5.679,5.768,6.385,6.117,6.5,0,0,0,0,0,0,0,0,0,0,0,0,0,0,0,6.306,6.306,0,0,0,0,0,0,0,0,5.727,5.762,5.754,6.224,5.842,6.226,5.992,6.27,5.836,5.878,6.379,6.204,6.546,6.205,6.2,6.354,0,0,0,0,0,0,0,0,0,0,0,0,0,0,0,0,0,0,0,0,0,0,0,0,0,6.032,6.16
CounterOutlets2_AP,13.241,13.203,13.244,13.463,13.485,13.344,13.532,13.561,13.325,13.464,13.249,13.379,13.379,0,0,0,0,13.879,13.862,13.578,13.767,13.558,13.732,13.514,13.971,13.61,13.697,13.921,13.589,13.697,13.519,13.961,13.415,0,0,0,0,0,0,0,0,0,0,0,0,0,0,0,0,0,0,0,0,0,0,0,0,13.818,13.818,13.693,13.534,945.43,942.447,939.716,941.385,46.397,47.797,46.119,47.848,47.457,47.271,45.933,47.095,0,0,0,0,0,0,0,0,0,0,0,0,46.512,46.512,0,0,0,0,0,0,0,0,0,0,0,48.26,48.26,48.103,46.708,47.632,47.767,47.623,47.277,46.613,47.935,46.654,46.419,47.928,47.832,46.164,45.951,0,0,0,0,0,0,0,0,0,0,0,0,0,0,0,0,0,0,0,0,0,0,0,0,0,47.131,47.697,46.785,46.475,47.357,47.471,47.55,47.672,46.149,47.293,47.604,45.82,47.368,46.306,46.035,45.691,0,0,0,0,0,0,0,0,0,0,0,0,0,0,0,0,0,0,0,0,45.775,45.775,0,0,0,47.179,46.534,48.155,46.035,47.975,46.25,48.162,46.202,46.446,46.852,46.628,47.523,47.341,46.256,47.227,47.094,0,0,0,0,0,0,0,0,0,0,0,0,0,0,0,0,0,0,0,0,0,0,19.646,13.121,0,13.4,13.473,13.387,13.054,13.044,13.135,13.002,13.382,12.984,13.141,13.111,13.05,13.367,13.497,13.266,13.458,0,0,0,0,0,0,0,0,0,0,0,0,0,0,0,0,0,0,0,0,0,0,0,0,0,13.296,13.463,13.1,13.34,13.374,13.091,13.384,13.478,13.118,13.468,13.426,13.333,13.536,13.449,13.271,13.075,0,0,0,0,0,0,0,0,0,0,0,0,0,0,0,0,0,0,0,0,0,0,0,0,0,13.616,13.625,13.335,13.172,13.46,13.254,13.368,13.227,13.543,13.103,13.453,13.202,13.191,13.405,13.557,13.47,0,0,0,13.159,13.159,13.052,13.127,0,0,0,0,0,0,0,0,12.972,12.972,0,0,0,0,0,0,0,12.993,12.993,13.158,13.049,13.092,13.264,13.236,13.336,13.416,13.184,13.422,13.427,13.302,13.48,13.156,13.203,12.964,0,13.026,13.06,0,0,0,0,0,0,0,0,0,0,0,0,0,0,0,0,0,0,0,0,0,0,13.475,13.336,13.58,13.133,13.622,13.307,13.969,13.876,13.7,13.871,13.464,13.793,13.76,13.554,13.831,13.844,0,0,0,0,0,0,0,0,0,0,0,0,0,0,0,0,0,0,0,0,13.519,13.332,0,0,0,13.776,13.33,13.582,13.632,13.372,13.32,13.44,13.805,13.425,13.404,13.469,13.326,13.613,13.759,13.41,13.493,0,0,0,0,0,0,0,0,0,0,0,0,0,0,0,0,0,0,0,0,0,0,0,0,0,13.516,13.605,13.587,13.529,13.486,13.462,13.818,13.129,13.625,13.675,13.287,13.746,13.778,13.197,13.473,13.229,0,0,0,0,0,0,0,0,0,0,0,0,0,0,0,0,0,0,0,0,0,0,0,0,0,13.085,13.095,13.508,13.172,13.163,13.215,13.281,13.594,13.041,13.358,13.346,13.008,13.362,13.511,13.149,13.336,14.441,14.434,12.959,13.025,0,0,0,0,0,0,0,0,0,0,0,0,0,0,0,0,0,0,0,0,0,13.88,13.375,13.296,13.339,13.597,13.649,13.455,13.612,13.21,13.304,13.488,13.166,13.542,13.497,13.482,13.028,0,0,0,0,0,0,0,0,0,0,0,0,0,0,0,0,0,0,0,0,0,0,0,0,0,13.354,13.26,13.164,13.358,13.011,13.591,13.237,13.466,13.168,13.2,13.598,13.479,13.24,13.666,13.675,13.636,0,0,0,0,0,0,0,0,0,0,0,0,0,0,0,0,0,0,0,0,0,0,0,0,13.12,13.429,12.81,13.52,13.097,13.487,13.063,13.105,13.034,13.202,13.46,13.496,13.275,13.172,13.557,13.187,13.108,0,0,0,0,0,0,0,0,0,0,0,0,0,0,0,0,0,0,0,0,0,0,0,0,13.791,13.638,13.81,13.647,13.915,13.734,13.548,13.973,13.568,13.378,13.657,13.222,13.5,13.547,13.432,13.041,0,0,0,0,0,0,0,0,0,0,0,0,0,0,0,0,0,0,0,0,0,0,0,0,0,0,13.646,13.459,13.736,13.513,13.45,13.502,13.591,13.629,13.175,13.499,13.337,13.304,13.596,13.77,13.225,0,0,0,0,0,0,0,0,0,0,0,0,0,0,0,0,0,0,0,0,0,0,0,0,0,13.563,13.458,13.785,13.37,13.413,13.398,13.75,13.13,13.704,13.331,13.395,13.628,13.612,13.153,13.559,13.249,0,0,0,0,0,0,0,0,0,0,0,0,0,0,0,0,0,0,0,0,0,0,0,0,0,13.555,13.258,13.568,13.058,12.983,13.054,13.39,13.484,13.004,13.505,13.028,13.482,13.361,13.164,13.256,13.075,0,0,0,0,0,0,0,0,0,0,0,0,0,0,0,0,0,0,0,0,0,0,0,0,0,13.458,13.573,13.447,13.053,13.47,13.169,13.627,13.309,13.567,13.291,13.112,13.529,13.363,13.338,13.57,13.111,0,0,0,0,0,0,0,0,0,0,0,0,0,0,0,0,0,0,0,0,0,0,0,0,0,13.559,13.619,13.429,13.222,13.212,13.27,13.714,13.372,13.273,13.222,13.526,13.661,13.283,13.107,13.276,13.056,0,0,0,0,0,0,0,0,0,0,0,0,0,0,0,0,0,0,0,0,0,0,0,0,0,13.605,13.687,13.676,13.274,13.583,13.561,13.558,13.257,13.55,13.605,13.228,13.333,13.653,13.337,13.27,13.179,0,0,0,0,0,0,0,0,0,0,0,0,0,0,0,0,0,0,0,0,0,0,0,0,0,13.308,13.158
KitchenOutlets_AP,6.823,5.39,6.318,6.587,5.176,6.158,5.714,6.166,5.734,6.154,5.379,7.203,7.812,9.831,9.259,8.027,9.308,8.846,5.9,8.428,6.007,5.874,7.311,7.414,6.108,8.157,6.129,6.25,8.172,5.828,7.311,5.829,9.041,9.283,8.169,0,0,0,0,0,0,0,0,7.083,7.083,0,0,0,0,0,0,0,0,0,0,0,0,6.183,5.063,5.289,4.975,4.919,5.662,5.273,5.149,6.604,5.163,7.474,5.546,5.731,6.67,7.096,7.174,7.174,0,0,0,0,0,0,0,0,0,0,6.786,7.058,7.147,0,0,0,0,0,0,0,0,0,0,0,5.24,6.006,5.169,6.551,5.555,5.468,6.644,6.03,6.851,5.354,6.712,6.876,5.205,5.665,7.105,7.338,0,0,0,0,0,0,0,0,0,0,0,0,0,7.114,8.175,8.428,8.332,6.959,6.993,0,0,7.24,7.24,7.227,0,6.032,5.4,5.456,6.457,5.893,6.298,6.883,5.489,7.146,6.265,5.636,8.166,5.47,5.657,7.148,6.304,0,0,0,0,6.993,6.993,0,0,0,7.363,7.363,8.198,8.198,0,0,0,0,0,0,0,7.186,7.186,0,8.236,8.236,7.161,6.644,5.175,7.794,5.158,7.049,5.371,6.822,7.75,5.876,6.42,5.708,6.063,6.613,5.356,6.851,0,0,0,0,8.523,8.523,7.414,7.181,7.181,7.081,7.081,0,0,7.109,7.109,0,0,0,0,0,0,0,0,0,7.095,7.095,6.263,5.553,6.912,7.012,5.67,7.366,5.798,7.084,5.809,6.888,7.191,5.804,5.94,6.226,7.872,0,0,0,0,0,0,7.973,7.973,0,7.249,7.249,0,0,8.024,8.024,0,0,6.877,6.877,0,0,0,7.78,7.78,7.258,7.258,7.274,5.237,5.955,5.911,5.795,6.926,6.986,6.881,5.402,7.349,6.127,5.344,5.639,6.677,6.705,0,0,0,0,0,0,0,0,0,0,0,0,0,7.879,7.879,0,0,0,7.913,7.913,0,6.927,6.927,8.002,0,5.401,5.848,6.8,7.559,5.57,6.145,7.078,7.238,5.9,7.076,5.772,6.719,6.874,7.185,5.519,6.786,0,0,0,12.533,12.533,10.187,8.03,7.578,10.241,7.951,8.722,9.202,7.861,7.946,8.969,7.985,13.544,13.682,12.302,12.424,13.678,12.312,13.728,13.775,12.278,8.245,8.242,6.489,6.591,8.627,7.092,8.934,9.175,7.9,8.658,7.645,7.038,8.849,8.328,9.177,14.375,14.674,12.267,10.16,10.425,7.858,10.254,10.189,7.215,9.968,7.586,7.116,9.739,9.804,7.632,9.808,7.455,7.507,9.676,9.776,7.569,9.941,8.287,7.608,9.789,9.724,8.011,8.846,6.175,6.349,8.134,7.909,6.205,9.474,8.756,7.15,9.925,9.265,6.948,9.449,8.936,8.468,9.715,9.889,8.582,8.286,8.278,9.338,9.928,9.804,9.645,9.834,9.565,9.51,9.658,9.666,9.404,9.417,8.175,9.618,9.95,8.48,10.03,9.799,8.279,8.67,9.474,8.136,9.743,9.526,9.049,7.423,7.682,8.272,7.551,8.742,6.873,8.46,8.678,9.329,7.826,7.725,8.19,7.793,9.833,7.532,9.552,9.6,7.617,9.82,8.737,7.696,9.508,9.98,7.694,9.486,7.47,7.64,9.702,9.816,7.589,9.592,7.415,7.469,10.129,9.884,7.667,10.136,9.724,6.202,8.624,9.233,6.826,9.288,5.899,6.098,7.19,8.796,6.602,7.589,8.595,6.272,8.369,9.841,7.882,9.606,8.331,8.033,9.2,9.477,8.175,9.269,9.461,8.445,9.374,9.627,8.662,9.332,9.291,9.547,9.482,9.209,9.296,9.395,9.178,7.464,9.182,9.296,9.022,9.229,7.045,7.342,8.613,6.265,6.567,7.824,5.43,8.687,8.502,6.208,8.962,8.881,5.847,8.681,9.159,7.483,8.774,8.922,7.35,7.664,9.34,7.441,7.767,7.446,7.385,7.699,7.652,7.454,9.577,8.668,7.429,9.592,7.615,8.507,9.646,9.702,7.521,9.709,9.751,7.799,9.988,7.259,5.942,9.079,8.649,6.188,9.804,6.639,5.781,8.34,9.123,5.663,8.535,6.158,6.283,9.714,7.952,8.048,9.714,9.511,8.009,9.484,7.729,8.082,9.126,9.224,7.957,9.665,9.34,7.918,9.252,9.236,7.929,9.627,9.486,8.09,9.198,9.174,9.011,8.992,9.012,9.245,6.599,6.52,6.633,9.207,5.74,8.097,6.036,7.76,6.016,7.909,8.156,8.415,5.816,6.091,7.87,9.604,7.611,7.86,8.893,7.503,8.792,8.877,7.445,7.377,8.862,7.568,7.256,8.572,7.47,7.504,8.449,7.355,7.585,8.412,7.248,7.524,8.551,7.195,7.304,8.502,5.095,8.938,6.491,6.636,8.158,8.263,6.204,6.637,7.736,5.61,8.52,7.632,5.842,7.596,7.963,7.421,9.768,10.015,7.914,9.848,10.009,7.33,10.125,7.525,7.596,10.068,7.649,7.664,10.019,7.98,7.993,10.074,10.041,8.059,10.037,9.964,7.966,10.822,10.005,8.066,10.032,5.866,6.868,8.958,6.656,6.874,9.34,5.836,5.9,8.349,5.789,5.559,8.374,5.519,6.537,9.294,8.049,8.994,8.887,8.892,9.087,9.134,8.911,9.173,9.211,8.875,8.922,8.743,9.133,8.743,8.801,7.256,7.66,9.137,7.699,7.724,9.928,7.707,7.728,9.23,8.006,7.729,7.8,6.407,6.53,7.724,5.87,5.781,7.297,6.12,8.71,8.287,6.033,8.596,7.22,5.138,7.214,7.221,7.221,7.438,9.113,0,0,0,0,0,0,0,0,0,0,0,6.985,6.985,0,0,0,0,0,0,0,0,6.108,5.353,5.185,6.022,5.441,7.133,4.993,7.165,6.579,6.749,5.407,5.86,5.835,6.865,5.361,7.177,0,0,0,0,0,0,0,0,0,0,0,0,0,0,0,0,0,0,0,0,0,0,0,0,0,4.573,6.69,4.834,7.158,4.648,6.743,6.362,5.085,5.928,6.543,6.882,5.137,5.088,6.701,5.574,7.37,0,0,0,0,0,0,0,0,0,0,0,0,0,0,0,0,0,0,0,0,0,0,0,0,0,5.647,4.8,5.141,7.183,5.404,6.459,5.216,6.251,5.638,6.263,6.775,5.566,6.894,6.044,5.831,7.154,0,0,0,0,0,0,0,0,0,0,0,0,0,0,0,0,0,0,0,0,0,0,0,0,0,5.579,6.161,5.331,5.346,6.257,6.5,5.04,6.864,5.844,6.737,6.248,5.087,6.489,7.496,6.494,6.627,0,0,0,0,0,0,0,0,0,0,0,0,0,0,0,0,0,0,0,0,0,0,0,0,0,7.713,5.972,6.145,6.582,6.568,5.575,5.411,6.696,5.181,6.605,6.907,6.742,7.017,6.589,6.031,7.225,0,0,6.993,6.993,0,0,0,0,0,0,0,0,0,0,0,0,0,0,0,0,0,0,0,0,0,4.804,5.096
